AAA	AAC	AAG	AAT	ACA	ACC	ACG	ACT	AGA	AGC	AGG	AGT	ATA	ATC	ATG	ATT	CAA	CAC	CAG	CAT	CCA	CCC	CCG	CCT	CGA	CGC	CGG	CGT	CTA	CTC	CTG	CTT	GAA	GAC	GAG	GAT	GCA	GCC	GCG	GCT	GGA	GGC	GGG	GGT	GTA	GTC	GTG	GTT	TAA	TAC	TAG	TAT	TCA	TCC	TCG	TCT	TGA	TGC	TGG	TGT	TTA	TTC	TTG	TTT
0.02295353982300885	0.026825221238938053	0.003042035398230089	0.015486725663716812	0.03733407079646018	0.02765486725663717	0.00497787610619469	0.014380530973451329	0.0	0.011338495575221241	0.0	0.0022123893805309734	0.051991150442477874	0.045353982300884964	0.011891592920353982	0.04120575221238938	0.02184734513274336	0.02074115044247788	0.002765486725663717	0.00663716814159292	0.02571902654867256	0.01825221238938053	0.00165929203539823	0.0071902654867256645	0.011338495575221241	0.00331858407079646	0.0013827433628318586	0.00165929203539823	0.0771570796460177	0.033185840707964605	0.01023230088495575	0.020188053097345133	0.019634955752212392	0.013550884955752213	0.004701327433628319	0.003871681415929204	0.023230088495575226	0.030696902654867256	0.0022123893805309734	0.00995575221238938	0.023230088495575226	0.01825221238938053	0.0052544247787610614	0.00663716814159292	0.02212389380530973	0.00995575221238938	0.00331858407079646	0.008573008849557522	0.0	0.019081858407079644	0.0	0.01521017699115044	0.03014380530973451	0.02101769911504425	0.003042035398230089	0.009126106194690266	0.02405973451327434	0.0035951327433628322	0.00331858407079646	0.002488938053097345	0.02212389380530973	0.0351216814159292	0.002765486725663717	0.023783185840707963
0.014933628318584071	0.021847345132743362	0.011061946902654867	0.020464601769911505	0.024059734513274336	0.02101769911504425	0.020188053097345133	0.019081858407079644	0.0	0.013827433628318585	0.0	0.009126106194690266	0.03373893805309734	0.041758849557522126	0.03014380530973451	0.04480088495575221	0.00995575221238938	0.01133849557522124	0.0146570796460177	0.016039823008849558	0.014933628318584071	0.011615044247787611	0.013550884955752213	0.012721238938053098	0.00331858407079646	0.006360619469026549	0.004148230088495576	0.0038716814159292035	0.024336283185840708	0.027101769911504425	0.024059734513274336	0.03346238938053098	0.012997787610619468	0.009402654867256638	0.01133849557522124	0.008019911504424779	0.015486725663716814	0.016592920353982302	0.017422566371681415	0.016592920353982302	0.009126106194690266	0.014933628318584071	0.010785398230088495	0.018528761061946904	0.011615044247787611	0.012444690265486726	0.00995575221238938	0.00995575221238938	0.0	0.017146017699115043	0.0	0.017146017699115043	0.0146570796460177	0.01133849557522124	0.014380530973451327	0.013550884955752213	0.014380530973451327	0.0013827433628318584	0.012997787610619468	0.004701327433628319	0.03152654867256637	0.029867256637168143	0.025165929203539824	0.029037610619469027
0.017422566371681415	0.02267699115044248	0.008573008849557522	0.01963495575221239	0.025719026548672565	0.02157079646017699	0.01825221238938053	0.018805309734513276	0.0	0.014103982300884955	0.0	0.008849557522123894	0.0351216814159292	0.0420353982300885	0.028761061946902654	0.04452433628318584	0.011615044247787611	0.01133849557522124	0.012997787610619468	0.016039823008849558	0.016592920353982302	0.011615044247787611	0.011891592920353982	0.012721238938053098	0.00331858407079646	0.00663716814159292	0.004148230088495576	0.003595132743362832	0.027101769911504425	0.027101769911504425	0.02267699115044248	0.033185840707964605	0.014103982300884955	0.009679203539823008	0.010232300884955753	0.007743362831858407	0.01686946902654867	0.016592920353982302	0.016039823008849558	0.016592920353982302	0.010232300884955753	0.014933628318584071	0.009679203539823008	0.018528761061946904	0.012444690265486726	0.012444690265486726	0.009126106194690266	0.00995575221238938	0.0	0.017699115044247787	0.0	0.016592920353982302	0.016039823008849558	0.012444690265486726	0.012997787610619468	0.012444690265486726	0.015763274336283186	0.0013827433628318584	0.011615044247787611	0.004701327433628319	0.03373893805309734	0.02959070796460177	0.021847345132743362	0.0293141592920354
0.018528761061946904	0.02350663716814159	0.007466814159292036	0.018805309734513276	0.027101769911504425	0.02295353982300885	0.01631637168141593	0.01797566371681416	0.0	0.014380530973451327	0.0	0.008573008849557522	0.03650442477876106	0.04231194690265487	0.027378318584070797	0.04424778761061947	0.01327433628318584	0.011615044247787611	0.01133849557522124	0.015763274336283186	0.016592920353982302	0.012168141592920354	0.011615044247787611	0.012444690265486726	0.003595132743362832	0.00663716814159292	0.0038716814159292035	0.003595132743362832	0.0293141592920354	0.02820796460176991	0.020741150442477877	0.03235619469026549	0.015210176991150442	0.010232300884955753	0.009126106194690266	0.007190265486725664	0.017422566371681415	0.017146017699115043	0.015210176991150442	0.01631637168141593	0.011061946902654867	0.015763274336283186	0.008296460176991151	0.01825221238938053	0.01327433628318584	0.012721238938053098	0.008296460176991151	0.009679203539823008	0.0	0.01825221238938053	0.0	0.016039823008849558	0.017146017699115043	0.012997787610619468	0.011615044247787611	0.012168141592920354	0.01631637168141593	0.0013827433628318584	0.011061946902654867	0.004701327433628319	0.0351216814159292	0.03014380530973451	0.01991150442477876	0.028761061946902654
0.01991150442477876	0.023230088495575223	0.006084070796460177	0.019081858407079644	0.027931415929203538	0.02350663716814159	0.015210176991150442	0.017699115044247787	0.0	0.014933628318584071	0.0	0.008019911504424779	0.04092920353982301	0.042588495575221236	0.02295353982300885	0.043971238938053096	0.014103982300884955	0.011891592920353982	0.010508849557522125	0.015486725663716814	0.017422566371681415	0.012444690265486726	0.010785398230088495	0.012168141592920354	0.0038716814159292035	0.00663716814159292	0.003595132743362832	0.003595132743362832	0.031803097345132744	0.028761061946902654	0.01991150442477876	0.032079646017699116	0.016592920353982302	0.010508849557522125	0.007743362831858407	0.006913716814159292	0.018528761061946904	0.017422566371681415	0.014103982300884955	0.016039823008849558	0.011061946902654867	0.015763274336283186	0.008296460176991151	0.01825221238938053	0.013550884955752213	0.01327433628318584	0.008019911504424779	0.009126106194690266	0.0	0.018528761061946904	0.0	0.015763274336283186	0.017699115044247787	0.012721238938053098	0.011061946902654867	0.012444690265486726	0.017146017699115043	0.0013827433628318584	0.010232300884955753	0.004701327433628319	0.035398230088495575	0.030973451327433628	0.017699115044247787	0.027931415929203538
0.020741150442477877	0.024336283185840708	0.005254424778761062	0.01797566371681416	0.028761061946902654	0.024336283185840708	0.013550884955752213	0.017699115044247787	0.0	0.015210176991150442	0.0	0.007743362831858407	0.04231194690265487	0.04314159292035398	0.02157079646017699	0.04341814159292035	0.015210176991150442	0.012444690265486726	0.009402654867256638	0.014933628318584071	0.017146017699115043	0.012721238938053098	0.011061946902654867	0.011891592920353982	0.004148230088495576	0.006360619469026549	0.003595132743362832	0.003595132743362832	0.03484513274336283	0.029867256637168143	0.017146017699115043	0.030696902654867256	0.016592920353982302	0.010508849557522125	0.007743362831858407	0.006913716814159292	0.021294247787610618	0.01825221238938053	0.01133849557522124	0.015210176991150442	0.010785398230088495	0.016592920353982302	0.008573008849557522	0.017422566371681415	0.013827433628318585	0.012997787610619468	0.007743362831858407	0.009402654867256638	0.0	0.018805309734513276	0.0	0.015486725663716814	0.018528761061946904	0.01327433628318584	0.010232300884955753	0.011891592920353982	0.01797566371681416	0.0013827433628318584	0.009402654867256638	0.004701327433628319	0.03650442477876106	0.030973451327433628	0.016592920353982302	0.027931415929203538
0.02157079646017699	0.024889380530973452	0.004424778761061947	0.017422566371681415	0.029867256637168143	0.024889380530973452	0.012168141592920354	0.017422566371681415	0.0	0.015210176991150442	0.0	0.007743362831858407	0.04341814159292035	0.042588495575221236	0.020464601769911505	0.043971238938053096	0.017146017699115043	0.01327433628318584	0.007466814159292036	0.014103982300884955	0.01797566371681416	0.012444690265486726	0.010508849557522125	0.011891592920353982	0.004701327433628319	0.00663716814159292	0.0030420353982300885	0.00331858407079646	0.03733407079646018	0.03125	0.01686946902654867	0.0293141592920354	0.017422566371681415	0.010232300884955753	0.006913716814159292	0.007190265486725664	0.02295353982300885	0.019081858407079644	0.009679203539823008	0.014380530973451327	0.010785398230088495	0.01686946902654867	0.008573008849557522	0.017146017699115043	0.014380530973451327	0.012997787610619468	0.006913716814159292	0.009679203539823008	0.0	0.01963495575221239	0.0	0.0146570796460177	0.01963495575221239	0.013827433628318585	0.009126106194690266	0.01133849557522124	0.018805309734513276	0.0013827433628318584	0.008573008849557522	0.004701327433628319	0.036780973451327435	0.031803097345132744	0.014103982300884955	0.027101769911504425
0.02157079646017699	0.024889380530973452	0.004424778761061947	0.017422566371681415	0.032079646017699116	0.025165929203539824	0.009679203539823008	0.017422566371681415	0.0	0.01631637168141593	0.0	0.00663716814159292	0.043971238938053096	0.04286504424778761	0.01991150442477876	0.043694690265486724	0.01825221238938053	0.014103982300884955	0.006360619469026549	0.01327433628318584	0.018805309734513276	0.012444690265486726	0.009679203539823008	0.011891592920353982	0.005254424778761062	0.007190265486725664	0.002488938053097345	0.0027654867256637168	0.03954646017699115	0.03235619469026549	0.015210176991150442	0.028484513274336282	0.017422566371681415	0.010232300884955753	0.006913716814159292	0.007190265486725664	0.02461283185840708	0.018805309734513276	0.008296460176991151	0.014380530973451327	0.012168141592920354	0.017146017699115043	0.007190265486725664	0.01686946902654867	0.014933628318584071	0.013827433628318585	0.005807522123893806	0.009402654867256638	0.0	0.020188053097345133	0.0	0.014103982300884955	0.020188053097345133	0.014380530973451327	0.008296460176991151	0.011061946902654867	0.01991150442477876	0.0013827433628318584	0.007466814159292036	0.004701327433628319	0.03733407079646018	0.03263274336283186	0.012721238938053098	0.02627212389380531
0.022123893805309734	0.024889380530973452	0.0038716814159292035	0.017422566371681415	0.03346238938053098	0.025442477876106196	0.008296460176991151	0.017146017699115043	0.0	0.01686946902654867	0.0	0.006084070796460177	0.047289823008849555	0.043694690265486724	0.016592920353982302	0.04286504424778761	0.01963495575221239	0.013827433628318585	0.00497787610619469	0.013550884955752213	0.019358407079646017	0.013550884955752213	0.009126106194690266	0.010785398230088495	0.005254424778761062	0.007190265486725664	0.002488938053097345	0.0027654867256637168	0.042588495575221236	0.033185840707964605	0.013827433628318585	0.027378318584070797	0.017699115044247787	0.010232300884955753	0.00663716814159292	0.007190265486725664	0.024889380530973452	0.019358407079646017	0.007466814159292036	0.014380530973451327	0.012997787610619468	0.017422566371681415	0.006913716814159292	0.016039823008849558	0.016592920353982302	0.013827433628318585	0.004424778761061947	0.009126106194690266	0.0	0.020741150442477877	0.0	0.013550884955752213	0.020464601769911505	0.0146570796460177	0.008296460176991151	0.010508849557522125	0.021294247787610618	0.00165929203539823	0.006084070796460177	0.004424778761061947	0.037887168141592924	0.033185840707964605	0.010785398230088495	0.025719026548672565
0.02267699115044248	0.025442477876106196	0.00331858407079646	0.01686946902654867	0.034015486725663714	0.025995575221238937	0.007466814159292036	0.01686946902654867	0.0	0.017422566371681415	0.0	0.0055309734513274336	0.04950221238938053	0.04480088495575221	0.014380530973451327	0.041758849557522126	0.01991150442477876	0.014103982300884955	0.004701327433628319	0.01327433628318584	0.020188053097345133	0.013827433628318585	0.008573008849557522	0.010232300884955753	0.005254424778761062	0.007466814159292036	0.002488938053097345	0.002488938053097345	0.04452433628318584	0.03346238938053098	0.012721238938053098	0.026825221238938053	0.01797566371681416	0.010232300884955753	0.006360619469026549	0.007190265486725664	0.02627212389380531	0.020741150442477877	0.005807522123893806	0.01327433628318584	0.014103982300884955	0.017699115044247787	0.005807522123893806	0.015763274336283186	0.01686946902654867	0.014103982300884955	0.004424778761061947	0.008573008849557522	0.0	0.021294247787610618	0.0	0.012997787610619468	0.02101769911504425	0.014380530973451327	0.007743362831858407	0.010785398230088495	0.02101769911504425	0.00165929203539823	0.006360619469026549	0.004424778761061947	0.03705752212389381	0.034015486725663714	0.011061946902654867	0.024889380530973452
0.023230088495575223	0.025719026548672565	0.0027654867256637168	0.016592920353982302	0.033185840707964605	0.026825221238938053	0.007466814159292036	0.01686946902654867	0.0	0.017699115044247787	0.0	0.005254424778761062	0.05088495575221239	0.04618362831858407	0.012997787610619468	0.040376106194690266	0.020464601769911505	0.014103982300884955	0.004148230088495576	0.01327433628318584	0.020741150442477877	0.014380530973451327	0.008019911504424779	0.009679203539823008	0.006084070796460177	0.007466814159292036	0.00165929203539823	0.002488938053097345	0.046460176991150445	0.034015486725663714	0.011615044247787611	0.02627212389380531	0.01825221238938053	0.010232300884955753	0.006084070796460177	0.007190265486725664	0.025995575221238937	0.021294247787610618	0.006084070796460177	0.012721238938053098	0.013827433628318585	0.017699115044247787	0.006084070796460177	0.015763274336283186	0.017699115044247787	0.014103982300884955	0.0038716814159292035	0.008296460176991151	0.0	0.021847345132743362	0.0	0.012444690265486726	0.02157079646017699	0.015210176991150442	0.007190265486725664	0.00995575221238938	0.021294247787610618	0.0019358407079646017	0.006084070796460177	0.004148230088495576	0.03816371681415929	0.03456858407079646	0.009126106194690266	0.024336283185840708
0.023230088495575223	0.025995575221238937	0.0027654867256637168	0.01631637168141593	0.03456858407079646	0.026825221238938053	0.005807522123893806	0.017146017699115043	0.0	0.017699115044247787	0.0	0.005254424778761062	0.053373893805309734	0.04811946902654867	0.010508849557522125	0.03844026548672566	0.020741150442477877	0.014933628318584071	0.0038716814159292035	0.012444690265486726	0.020464601769911505	0.014933628318584071	0.008573008849557522	0.008849557522123894	0.007190265486725664	0.007466814159292036	0.000829646017699115	0.0022123893805309734	0.04756637168141593	0.034015486725663714	0.011891592920353982	0.02654867256637168	0.018805309734513276	0.010232300884955753	0.0055309734513274336	0.007190265486725664	0.02627212389380531	0.021847345132743362	0.005807522123893806	0.012168141592920354	0.015210176991150442	0.019081858407079644	0.004424778761061947	0.0146570796460177	0.017699115044247787	0.0146570796460177	0.0038716814159292035	0.007743362831858407	0.0	0.022400442477876106	0.0	0.011891592920353982	0.021847345132743362	0.015763274336283186	0.006084070796460177	0.010232300884955753	0.022123893805309734	0.0019358407079646017	0.005254424778761062	0.004148230088495576	0.03733407079646018	0.0351216814159292	0.008296460176991151	0.023783185840707963
0.023230088495575223	0.02627212389380531	0.0027654867256637168	0.016039823008849558	0.03567477876106195	0.026825221238938053	0.00497787610619469	0.01686946902654867	0.0	0.017699115044247787	0.0	0.005254424778761062	0.05420353982300885	0.05033185840707965	0.009679203539823008	0.03622787610619469	0.02101769911504425	0.015486725663716814	0.003595132743362832	0.011891592920353982	0.022123893805309734	0.015210176991150442	0.006913716814159292	0.008573008849557522	0.007466814159292036	0.007466814159292036	0.0005530973451327434	0.0022123893805309734	0.048672566371681415	0.03595132743362832	0.010785398230088495	0.025165929203539824	0.019358407079646017	0.010508849557522125	0.00497787610619469	0.006913716814159292	0.027101769911504425	0.022123893805309734	0.00497787610619469	0.011891592920353982	0.015210176991150442	0.018805309734513276	0.004424778761061947	0.014933628318584071	0.018805309734513276	0.014933628318584071	0.0030420353982300885	0.007190265486725664	0.0	0.02267699115044248	0.0	0.011615044247787611	0.02295353982300885	0.01631637168141593	0.00497787610619469	0.009679203539823008	0.023230088495575223	0.0022123893805309734	0.004148230088495576	0.0038716814159292035	0.036780973451327435	0.03567477876106195	0.008296460176991151	0.023230088495575223
0.024059734513274336	0.025995575221238937	0.0019358407079646017	0.01631637168141593	0.03622787610619469	0.02765486725663717	0.004701327433628319	0.015763274336283186	0.0	0.01797566371681416	0.0	0.00497787610619469	0.055862831858407076	0.051991150442477874	0.008019911504424779	0.03456858407079646	0.02101769911504425	0.015763274336283186	0.003595132743362832	0.011615044247787611	0.02295353982300885	0.016039823008849558	0.006084070796460177	0.007743362831858407	0.007466814159292036	0.007466814159292036	0.0002765486725663717	0.002488938053097345	0.05033185840707965	0.036780973451327435	0.010508849557522125	0.02461283185840708	0.01963495575221239	0.010785398230088495	0.004701327433628319	0.00663716814159292	0.027931415929203538	0.022123893805309734	0.004424778761061947	0.011615044247787611	0.015763274336283186	0.019358407079646017	0.0038716814159292035	0.014380530973451327	0.019081858407079644	0.0146570796460177	0.0030420353982300885	0.007190265486725664	0.0	0.02295353982300885	0.0	0.01133849557522124	0.02350663716814159	0.016592920353982302	0.004424778761061947	0.009402654867256638	0.024336283185840708	0.002488938053097345	0.0030420353982300885	0.003595132743362832	0.03595132743362832	0.03650442477876106	0.007466814159292036	0.022400442477876106
0.024059734513274336	0.02654867256637168	0.0019358407079646017	0.015763274336283186	0.03650442477876106	0.027931415929203538	0.004424778761061947	0.015486725663716814	0.0	0.01825221238938053	0.0	0.004701327433628319	0.056969026548672565	0.05282079646017699	0.006913716814159292	0.03373893805309734	0.02157079646017699	0.015763274336283186	0.0030420353982300885	0.011615044247787611	0.024336283185840708	0.016039823008849558	0.005254424778761062	0.007190265486725664	0.007466814159292036	0.007466814159292036	0.0002765486725663717	0.002488938053097345	0.05254424778761062	0.03844026548672566	0.008849557522123894	0.02267699115044248	0.020464601769911505	0.010232300884955753	0.0038716814159292035	0.007190265486725664	0.02820796460176991	0.02267699115044248	0.004148230088495576	0.011061946902654867	0.016039823008849558	0.020188053097345133	0.0038716814159292035	0.01327433628318584	0.019358407079646017	0.0146570796460177	0.0030420353982300885	0.006913716814159292	0.0	0.023230088495575223	0.0	0.011061946902654867	0.02461283185840708	0.017422566371681415	0.003595132743362832	0.008296460176991151	0.025165929203539824	0.002488938053097345	0.0022123893805309734	0.003595132743362832	0.03595132743362832	0.03595132743362832	0.007190265486725664	0.02295353982300885
0.024336283185840708	0.027378318584070797	0.00165929203539823	0.014933628318584071	0.036780973451327435	0.029037610619469027	0.004148230088495576	0.014380530973451327	0.0	0.018528761061946904	0.0	0.004424778761061947	0.05752212389380531	0.053650442477876106	0.006360619469026549	0.03290929203539823	0.021294247787610618	0.016592920353982302	0.00331858407079646	0.010785398230088495	0.025442477876106196	0.016592920353982302	0.0038716814159292035	0.006913716814159292	0.007466814159292036	0.008019911504424779	0.0005530973451327434	0.00165929203539823	0.05392699115044248	0.03871681415929203	0.008296460176991151	0.022400442477876106	0.02157079646017699	0.010508849557522125	0.0027654867256637168	0.006913716814159292	0.02820796460176991	0.02295353982300885	0.0038716814159292035	0.011061946902654867	0.017146017699115043	0.02101769911504425	0.0027654867256637168	0.012444690265486726	0.01991150442477876	0.015486725663716814	0.0027654867256637168	0.005807522123893806	0.0	0.023230088495575223	0.0	0.011061946902654867	0.024889380530973452	0.017699115044247787	0.003595132743362832	0.007743362831858407	0.025442477876106196	0.002488938053097345	0.0019358407079646017	0.003595132743362832	0.03622787610619469	0.03705752212389381	0.006084070796460177	0.021847345132743362
0.024059734513274336	0.027931415929203538	0.0019358407079646017	0.014380530973451327	0.03650442477876106	0.0293141592920354	0.004424778761061947	0.014103982300884955	0.0	0.019081858407079644	0.0	0.0038716814159292035	0.056969026548672565	0.054756637168141595	0.006913716814159292	0.031803097345132744	0.021847345132743362	0.01686946902654867	0.0027654867256637168	0.010508849557522125	0.025442477876106196	0.01631637168141593	0.0038716814159292035	0.007190265486725664	0.007743362831858407	0.008019911504424779	0.0002765486725663717	0.00165929203539823	0.055862831858407076	0.03954646017699115	0.007466814159292036	0.021847345132743362	0.022400442477876106	0.011061946902654867	0.0019358407079646017	0.006360619469026549	0.02959070796460177	0.023230088495575223	0.0027654867256637168	0.010508849557522125	0.01797566371681416	0.02157079646017699	0.0022123893805309734	0.011615044247787611	0.020188053097345133	0.015763274336283186	0.002488938053097345	0.0055309734513274336	0.0	0.02350663716814159	0.0	0.010785398230088495	0.024889380530973452	0.019081858407079644	0.00331858407079646	0.00663716814159292	0.025719026548672565	0.002488938053097345	0.00165929203539823	0.003595132743362832	0.0351216814159292	0.037887168141592924	0.005807522123893806	0.02101769911504425
0.024336283185840708	0.029037610619469027	0.00165929203539823	0.01327433628318584	0.03705752212389381	0.03014380530973451	0.004424778761061947	0.012721238938053098	0.0	0.018805309734513276	0.0	0.004148230088495576	0.05724557522123894	0.05530973451327434	0.00663716814159292	0.03125	0.021847345132743362	0.017699115044247787	0.0027654867256637168	0.009679203539823008	0.025442477876106196	0.016592920353982302	0.0038716814159292035	0.006913716814159292	0.007466814159292036	0.008019911504424779	0.0005530973451327434	0.00165929203539823	0.05807522123893805	0.040376106194690266	0.006084070796460177	0.020464601769911505	0.02267699115044248	0.011061946902654867	0.00165929203539823	0.006360619469026549	0.029867256637168143	0.02350663716814159	0.002488938053097345	0.010232300884955753	0.017699115044247787	0.022123893805309734	0.0022123893805309734	0.01133849557522124	0.020741150442477877	0.016039823008849558	0.0019358407079646017	0.005254424778761062	0.0	0.02461283185840708	0.0	0.009679203539823008	0.025165929203539824	0.019081858407079644	0.0027654867256637168	0.006913716814159292	0.025165929203539824	0.002488938053097345	0.0022123893805309734	0.003595132743362832	0.03567477876106195	0.03871681415929203	0.00497787610619469	0.020188053097345133
0.024336283185840708	0.0293141592920354	0.00165929203539823	0.012997787610619468	0.03595132743362832	0.03014380530973451	0.00497787610619469	0.01327433628318584	0.0	0.019081858407079644	0.0	0.0038716814159292035	0.05779867256637168	0.056969026548672565	0.006084070796460177	0.02959070796460177	0.022123893805309734	0.019358407079646017	0.002488938053097345	0.008019911504424779	0.025442477876106196	0.016592920353982302	0.003595132743362832	0.007190265486725664	0.007466814159292036	0.008296460176991151	0.0005530973451327434	0.0013827433628318584	0.05918141592920354	0.04092920353982301	0.006360619469026549	0.020188053097345133	0.02295353982300885	0.01133849557522124	0.0013827433628318584	0.006084070796460177	0.02959070796460177	0.024059734513274336	0.002488938053097345	0.00995575221238938	0.017699115044247787	0.02267699115044248	0.0022123893805309734	0.010785398230088495	0.021294247787610618	0.015763274336283186	0.0013827433628318584	0.0055309734513274336	0.0	0.024336283185840708	0.0	0.00995575221238938	0.025165929203539824	0.018805309734513276	0.002488938053097345	0.007466814159292036	0.025995575221238937	0.002488938053097345	0.0013827433628318584	0.003595132743362832	0.03484513274336283	0.03982300884955752	0.004148230088495576	0.019081858407079644
0.024059734513274336	0.029867256637168143	0.0019358407079646017	0.012444690265486726	0.03650442477876106	0.03125	0.004424778761061947	0.012168141592920354	0.0	0.019358407079646017	0.0	0.003595132743362832	0.058351769911504425	0.05669247787610619	0.0055309734513274336	0.029867256637168143	0.022123893805309734	0.01991150442477876	0.002488938053097345	0.007466814159292036	0.025719026548672565	0.016592920353982302	0.0030420353982300885	0.007466814159292036	0.007190265486725664	0.008296460176991151	0.000829646017699115	0.0013827433628318584	0.060564159292035395	0.041482300884955754	0.006084070796460177	0.01991150442477876	0.02267699115044248	0.011615044247787611	0.00165929203539823	0.005807522123893806	0.029867256637168143	0.024059734513274336	0.0022123893805309734	0.00995575221238938	0.017422566371681415	0.022123893805309734	0.0027654867256637168	0.011061946902654867	0.021294247787610618	0.016039823008849558	0.00165929203539823	0.00497787610619469	0.0	0.024336283185840708	0.0	0.00995575221238938	0.025442477876106196	0.018805309734513276	0.002488938053097345	0.007190265486725664	0.025719026548672565	0.002488938053097345	0.00165929203539823	0.003595132743362832	0.03456858407079646	0.040099557522123894	0.0030420353982300885	0.018805309734513276
0.024059734513274336	0.030696902654867256	0.0019358407079646017	0.011615044247787611	0.03705752212389381	0.03235619469026549	0.0038716814159292035	0.011061946902654867	0.0	0.01991150442477876	0.0	0.0030420353982300885	0.06001106194690266	0.0586283185840708	0.0038716814159292035	0.027931415929203538	0.021847345132743362	0.020188053097345133	0.0027654867256637168	0.007190265486725664	0.025719026548672565	0.016592920353982302	0.0030420353982300885	0.007466814159292036	0.00663716814159292	0.008296460176991151	0.0013827433628318584	0.0013827433628318584	0.06222345132743363	0.041758849557522126	0.006360619469026549	0.019358407079646017	0.022400442477876106	0.011615044247787611	0.0019358407079646017	0.005807522123893806	0.029867256637168143	0.024336283185840708	0.0022123893805309734	0.009679203539823008	0.017422566371681415	0.02267699115044248	0.002488938053097345	0.010785398230088495	0.021294247787610618	0.015763274336283186	0.0013827433628318584	0.0055309734513274336	0.0	0.024889380530973452	0.0	0.009402654867256638	0.025719026548672565	0.019081858407079644	0.002488938053097345	0.00663716814159292	0.02627212389380531	0.0027654867256637168	0.0011061946902654867	0.00331858407079646	0.03263274336283186	0.04120575221238938	0.00331858407079646	0.017699115044247787
0.024059734513274336	0.030696902654867256	0.0019358407079646017	0.011615044247787611	0.037887168141592924	0.031803097345132744	0.0030420353982300885	0.011615044247787611	0.0	0.01991150442477876	0.0	0.0030420353982300885	0.06028761061946902	0.0586283185840708	0.003595132743362832	0.027931415929203538	0.021847345132743362	0.020741150442477877	0.0027654867256637168	0.00663716814159292	0.02627212389380531	0.016592920353982302	0.0027654867256637168	0.007190265486725664	0.00663716814159292	0.008296460176991151	0.0011061946902654867	0.00165929203539823	0.06498893805309734	0.04314159292035398	0.0055309734513274336	0.017422566371681415	0.022400442477876106	0.012168141592920354	0.0019358407079646017	0.005254424778761062	0.029867256637168143	0.023783185840707963	0.002488938053097345	0.00995575221238938	0.017699115044247787	0.02267699115044248	0.002488938053097345	0.010508849557522125	0.021294247787610618	0.016039823008849558	0.0011061946902654867	0.0055309734513274336	0.0	0.024889380530973452	0.0	0.009402654867256638	0.02627212389380531	0.019081858407079644	0.0019358407079646017	0.00663716814159292	0.02654867256637168	0.0027654867256637168	0.000829646017699115	0.00331858407079646	0.031803097345132744	0.041758849557522126	0.0027654867256637168	0.017146017699115043
0.024336283185840708	0.030420353982300884	0.00165929203539823	0.011891592920353982	0.037887168141592924	0.03263274336283186	0.002488938053097345	0.01133849557522124	0.0	0.020188053097345133	0.0	0.0027654867256637168	0.06111725663716814	0.05918141592920354	0.0027654867256637168	0.027378318584070797	0.021847345132743362	0.020464601769911505	0.0027654867256637168	0.006913716814159292	0.02654867256637168	0.017699115044247787	0.002488938053097345	0.006084070796460177	0.00663716814159292	0.008296460176991151	0.0011061946902654867	0.00165929203539823	0.06720132743362832	0.043694690265486724	0.005254424778761062	0.016592920353982302	0.02267699115044248	0.012168141592920354	0.00165929203539823	0.005254424778761062	0.029867256637168143	0.024059734513274336	0.002488938053097345	0.009679203539823008	0.018528761061946904	0.023783185840707963	0.0019358407079646017	0.009126106194690266	0.02101769911504425	0.016592920353982302	0.0011061946902654867	0.005254424778761062	0.0	0.025442477876106196	0.0	0.008849557522123894	0.02654867256637168	0.01991150442477876	0.0019358407079646017	0.0055309734513274336	0.02654867256637168	0.0027654867256637168	0.000829646017699115	0.00331858407079646	0.030696902654867256	0.0420353982300885	0.0022123893805309734	0.01686946902654867
0.024059734513274336	0.030973451327433628	0.0019358407079646017	0.01133849557522124	0.03816371681415929	0.03263274336283186	0.0022123893805309734	0.01133849557522124	0.0	0.020464601769911505	0.0	0.002488938053097345	0.06222345132743363	0.06001106194690266	0.00165929203539823	0.02654867256637168	0.022123893805309734	0.020464601769911505	0.002488938053097345	0.006913716814159292	0.027101769911504425	0.01797566371681416	0.0022123893805309734	0.0055309734513274336	0.006360619469026549	0.008573008849557522	0.0011061946902654867	0.00165929203539823	0.0694137168141593	0.04480088495575221	0.004701327433628319	0.015486725663716814	0.02350663716814159	0.012721238938053098	0.000829646017699115	0.004701327433628319	0.030973451327433628	0.02350663716814159	0.0013827433628318584	0.010232300884955753	0.018805309734513276	0.024336283185840708	0.00165929203539823	0.008573008849557522	0.021294247787610618	0.017146017699115043	0.0011061946902654867	0.004424778761061947	0.0	0.02627212389380531	0.0	0.008019911504424779	0.027101769911504425	0.01991150442477876	0.0013827433628318584	0.0055309734513274336	0.02627212389380531	0.002488938053097345	0.0011061946902654867	0.003595132743362832	0.0293141592920354	0.04120575221238938	0.0019358407079646017	0.017699115044247787
0.02461283185840708	0.03152654867256637	0.0013827433628318584	0.010785398230088495	0.03816371681415929	0.03290929203539823	0.0019358407079646017	0.01133849557522124	0.0	0.020464601769911505	0.0	0.002488938053097345	0.06139380530973451	0.060564159292035395	0.002488938053097345	0.025995575221238937	0.02267699115044248	0.01991150442477876	0.0019358407079646017	0.007466814159292036	0.026825221238938053	0.018528761061946904	0.0019358407079646017	0.0055309734513274336	0.007190265486725664	0.008849557522123894	0.0002765486725663717	0.0013827433628318584	0.07107300884955753	0.04480088495575221	0.003595132743362832	0.015486725663716814	0.02350663716814159	0.01327433628318584	0.000829646017699115	0.004148230088495576	0.03125	0.023230088495575223	0.0011061946902654867	0.010508849557522125	0.018528761061946904	0.024336283185840708	0.002488938053097345	0.008019911504424779	0.02101769911504425	0.016592920353982302	0.000829646017699115	0.0055309734513274336	0.0	0.02627212389380531	0.0	0.008019911504424779	0.026825221238938053	0.01991150442477876	0.00165929203539823	0.0055309734513274336	0.025719026548672565	0.002488938053097345	0.00165929203539823	0.003595132743362832	0.0293141592920354	0.04120575221238938	0.0013827433628318584	0.017699115044247787
0.02461283185840708	0.032079646017699116	0.0013827433628318584	0.010232300884955753	0.037887168141592924	0.03290929203539823	0.0022123893805309734	0.01133849557522124	0.0	0.020188053097345133	0.0	0.0027654867256637168	0.06139380530973451	0.061670353982300884	0.002488938053097345	0.024889380530973452	0.02350663716814159	0.020188053097345133	0.0011061946902654867	0.007190265486725664	0.027101769911504425	0.018528761061946904	0.00165929203539823	0.0055309734513274336	0.007466814159292036	0.009126106194690266	0.0002765486725663717	0.000829646017699115	0.07273230088495575	0.04535398230088496	0.00331858407079646	0.0146570796460177	0.02350663716814159	0.013550884955752213	0.000829646017699115	0.0038716814159292035	0.03152654867256637	0.02350663716814159	0.0011061946902654867	0.00995575221238938	0.018528761061946904	0.024059734513274336	0.002488938053097345	0.008296460176991151	0.02101769911504425	0.016592920353982302	0.000829646017699115	0.0055309734513274336	0.0	0.02627212389380531	0.0	0.008019911504424779	0.026825221238938053	0.020188053097345133	0.0019358407079646017	0.00497787610619469	0.025165929203539824	0.002488938053097345	0.0022123893805309734	0.003595132743362832	0.02820796460176991	0.041758849557522126	0.0013827433628318584	0.017146017699115043
0.023783185840707963	0.03263274336283186	0.0022123893805309734	0.009679203539823008	0.037887168141592924	0.033185840707964605	0.0022123893805309734	0.011061946902654867	0.0	0.020464601769911505	0.0	0.002488938053097345	0.061946902654867256	0.06222345132743363	0.0019358407079646017	0.024336283185840708	0.02350663716814159	0.02101769911504425	0.0011061946902654867	0.006360619469026549	0.02765486725663717	0.018528761061946904	0.0011061946902654867	0.0055309734513274336	0.007466814159292036	0.009126106194690266	0.0002765486725663717	0.000829646017699115	0.07411504424778761	0.04535398230088496	0.0038716814159292035	0.0146570796460177	0.023230088495575223	0.014103982300884955	0.0011061946902654867	0.00331858407079646	0.03125	0.024059734513274336	0.0011061946902654867	0.009679203539823008	0.019081858407079644	0.024059734513274336	0.0019358407079646017	0.008296460176991151	0.02101769911504425	0.01686946902654867	0.0005530973451327434	0.0055309734513274336	0.0	0.02627212389380531	0.0	0.008019911504424779	0.027101769911504425	0.020188053097345133	0.00165929203539823	0.00497787610619469	0.025442477876106196	0.002488938053097345	0.0019358407079646017	0.003595132743362832	0.02654867256637168	0.04231194690265487	0.0011061946902654867	0.016592920353982302
0.02350663716814159	0.03263274336283186	0.002488938053097345	0.009679203539823008	0.03761061946902655	0.033185840707964605	0.002488938053097345	0.011061946902654867	0.0	0.020188053097345133	0.0	0.0027654867256637168	0.06111725663716814	0.06471238938053098	0.0027654867256637168	0.021847345132743362	0.023230088495575223	0.021294247787610618	0.0013827433628318584	0.006084070796460177	0.02765486725663717	0.018528761061946904	0.0011061946902654867	0.0055309734513274336	0.007466814159292036	0.008849557522123894	0.0002765486725663717	0.0011061946902654867	0.0752212389380531	0.04535398230088496	0.00331858407079646	0.014933628318584071	0.02295353982300885	0.014380530973451327	0.0013827433628318584	0.0030420353982300885	0.030696902654867256	0.024336283185840708	0.0013827433628318584	0.009679203539823008	0.01963495575221239	0.024336283185840708	0.0011061946902654867	0.008296460176991151	0.020741150442477877	0.016592920353982302	0.000829646017699115	0.005807522123893806	0.0	0.02627212389380531	0.0	0.008019911504424779	0.026825221238938053	0.020464601769911505	0.0013827433628318584	0.005254424778761062	0.025442477876106196	0.002488938053097345	0.0019358407079646017	0.003595132743362832	0.025995575221238937	0.04314159292035398	0.000829646017699115	0.015763274336283186
0.023783185840707963	0.03290929203539823	0.0022123893805309734	0.009402654867256638	0.03761061946902655	0.034015486725663714	0.0019358407079646017	0.010785398230088495	0.0	0.01963495575221239	0.0	0.00331858407079646	0.061670353982300884	0.06581858407079647	0.0022123893805309734	0.020741150442477877	0.02295353982300885	0.02101769911504425	0.00165929203539823	0.006360619469026549	0.027378318584070797	0.018805309734513276	0.0013827433628318584	0.005254424778761062	0.007466814159292036	0.008573008849557522	0.0002765486725663717	0.0013827433628318584	0.07328539823008849	0.04480088495575221	0.0038716814159292035	0.016039823008849558	0.02267699115044248	0.014380530973451327	0.00165929203539823	0.0030420353982300885	0.030420353982300884	0.024336283185840708	0.00165929203539823	0.009679203539823008	0.019081858407079644	0.024336283185840708	0.00165929203539823	0.008296460176991151	0.020464601769911505	0.01686946902654867	0.0011061946902654867	0.0055309734513274336	0.0	0.025165929203539824	0.0	0.009126106194690266	0.027378318584070797	0.020741150442477877	0.0011061946902654867	0.004701327433628319	0.025442477876106196	0.0027654867256637168	0.0019358407079646017	0.00331858407079646	0.02654867256637168	0.04452433628318584	0.0011061946902654867	0.014380530973451327
0.023783185840707963	0.031803097345132744	0.0022123893805309734	0.010508849557522125	0.03733407079646018	0.03484513274336283	0.0022123893805309734	0.00995575221238938	0.0	0.019358407079646017	0.0	0.003595132743362832	0.06111725663716814	0.06692477876106195	0.0027654867256637168	0.01963495575221239	0.02295353982300885	0.02157079646017699	0.00165929203539823	0.005807522123893806	0.027378318584070797	0.018805309734513276	0.0013827433628318584	0.005254424778761062	0.007466814159292036	0.008573008849557522	0.0002765486725663717	0.0013827433628318584	0.07494469026548672	0.045077433628318585	0.0027654867256637168	0.016039823008849558	0.02295353982300885	0.014380530973451327	0.0013827433628318584	0.0030420353982300885	0.03125	0.024059734513274336	0.0013827433628318584	0.009402654867256638	0.019358407079646017	0.024336283185840708	0.0013827433628318584	0.008296460176991151	0.020464601769911505	0.017422566371681415	0.0011061946902654867	0.00497787610619469	0.0	0.02461283185840708	0.0	0.009679203539823008	0.02654867256637168	0.020741150442477877	0.0013827433628318584	0.005254424778761062	0.025442477876106196	0.0027654867256637168	0.0019358407079646017	0.00331858407079646	0.025719026548672565	0.045077433628318585	0.0011061946902654867	0.013827433628318585
0.023783185840707963	0.03346238938053098	0.0022123893805309734	0.008849557522123894	0.037887168141592924	0.0351216814159292	0.00165929203539823	0.009679203539823008	0.0	0.019358407079646017	0.0	0.003595132743362832	0.061670353982300884	0.06692477876106195	0.0022123893805309734	0.01963495575221239	0.02295353982300885	0.022123893805309734	0.00165929203539823	0.005254424778761062	0.027378318584070797	0.019081858407079644	0.0013827433628318584	0.00497787610619469	0.007466814159292036	0.008296460176991151	0.0002765486725663717	0.00165929203539823	0.07743362831858407	0.046460176991150445	0.0030420353982300885	0.014933628318584071	0.022400442477876106	0.013827433628318585	0.0019358407079646017	0.003595132743362832	0.031803097345132744	0.024336283185840708	0.000829646017699115	0.009126106194690266	0.019081858407079644	0.024336283185840708	0.0019358407079646017	0.008019911504424779	0.020741150442477877	0.017422566371681415	0.000829646017699115	0.00497787610619469	0.0	0.024889380530973452	0.0	0.009402654867256638	0.025719026548672565	0.020741150442477877	0.0019358407079646017	0.0055309734513274336	0.025442477876106196	0.0030420353982300885	0.0019358407079646017	0.0030420353982300885	0.02295353982300885	0.04535398230088496	0.000829646017699115	0.013550884955752213
0.023783185840707963	0.03290929203539823	0.0022123893805309734	0.009402654867256638	0.03705752212389381	0.03456858407079646	0.0019358407079646017	0.010785398230088495	0.0	0.01963495575221239	0.0	0.00331858407079646	0.061946902654867256	0.06692477876106195	0.0019358407079646017	0.01963495575221239	0.02295353982300885	0.021847345132743362	0.00165929203539823	0.0055309734513274336	0.025995575221238937	0.019358407079646017	0.002488938053097345	0.00497787610619469	0.007466814159292036	0.008296460176991151	0.0002765486725663717	0.00165929203539823	0.07881637168141593	0.046460176991150445	0.0038716814159292035	0.0146570796460177	0.022400442477876106	0.013550884955752213	0.0019358407079646017	0.0038716814159292035	0.03235619469026549	0.02461283185840708	0.000829646017699115	0.008296460176991151	0.01963495575221239	0.02461283185840708	0.0019358407079646017	0.007190265486725664	0.02101769911504425	0.017699115044247787	0.0005530973451327434	0.004701327433628319	0.0	0.025165929203539824	0.0	0.009126106194690266	0.02627212389380531	0.020464601769911505	0.00165929203539823	0.0055309734513274336	0.02627212389380531	0.0030420353982300885	0.0011061946902654867	0.0030420353982300885	0.02157079646017699	0.0459070796460177	0.0002765486725663717	0.012997787610619468
0.024336283185840708	0.03373893805309734	0.00165929203539823	0.008573008849557522	0.036780973451327435	0.034292035398230086	0.0022123893805309734	0.011061946902654867	0.0	0.019358407079646017	0.0	0.003595132743362832	0.06084070796460177	0.06720132743362832	0.0030420353982300885	0.019358407079646017	0.023783185840707963	0.021847345132743362	0.000829646017699115	0.0055309734513274336	0.025995575221238937	0.019081858407079644	0.002488938053097345	0.005254424778761062	0.007743362831858407	0.008019911504424779	0.0	0.0019358407079646017	0.07936946902654868	0.047289823008849555	0.0022123893805309734	0.014380530973451327	0.02267699115044248	0.014103982300884955	0.00165929203539823	0.00331858407079646	0.03290929203539823	0.025442477876106196	0.000829646017699115	0.006913716814159292	0.020188053097345133	0.024889380530973452	0.00165929203539823	0.00663716814159292	0.021294247787610618	0.018528761061946904	0.0002765486725663717	0.0038716814159292035	0.0	0.024889380530973452	0.0	0.009402654867256638	0.026825221238938053	0.020741150442477877	0.0013827433628318584	0.00497787610619469	0.026825221238938053	0.0030420353982300885	0.0005530973451327434	0.0030420353982300885	0.021847345132743362	0.04673672566371682	0.0005530973451327434	0.012168141592920354
0.023783185840707963	0.03373893805309734	0.0022123893805309734	0.008573008849557522	0.03650442477876106	0.03484513274336283	0.0022123893805309734	0.010785398230088495	0.0	0.01963495575221239	0.0	0.00331858407079646	0.06084070796460177	0.06830752212389381	0.0030420353982300885	0.01825221238938053	0.023783185840707963	0.021847345132743362	0.000829646017699115	0.0055309734513274336	0.02627212389380531	0.019081858407079644	0.0019358407079646017	0.0055309734513274336	0.007743362831858407	0.007743362831858407	0.0	0.0022123893805309734	0.08019911504424779	0.04701327433628318	0.0019358407079646017	0.014933628318584071	0.02295353982300885	0.014380530973451327	0.0013827433628318584	0.0030420353982300885	0.03290929203539823	0.025719026548672565	0.0005530973451327434	0.006913716814159292	0.020464601769911505	0.025995575221238937	0.0013827433628318584	0.0055309734513274336	0.02101769911504425	0.019081858407079644	0.0002765486725663717	0.003595132743362832	0.0	0.025442477876106196	0.0	0.008849557522123894	0.027378318584070797	0.020741150442477877	0.0011061946902654867	0.004701327433628319	0.027101769911504425	0.0030420353982300885	0.0002765486725663717	0.0030420353982300885	0.021294247787610618	0.046460176991150445	0.0002765486725663717	0.012444690265486726
0.023783185840707963	0.034015486725663714	0.0022123893805309734	0.008296460176991151	0.03650442477876106	0.03595132743362832	0.0022123893805309734	0.009679203539823008	0.0	0.019358407079646017	0.0	0.003595132743362832	0.06084070796460177	0.06858407079646017	0.0030420353982300885	0.01797566371681416	0.02350663716814159	0.022123893805309734	0.0011061946902654867	0.005254424778761062	0.02654867256637168	0.019081858407079644	0.00165929203539823	0.0055309734513274336	0.007743362831858407	0.007743362831858407	0.0	0.0022123893805309734	0.07992256637168142	0.0478429203539823	0.002488938053097345	0.014103982300884955	0.02350663716814159	0.014380530973451327	0.000829646017699115	0.0030420353982300885	0.03235619469026549	0.02627212389380531	0.0011061946902654867	0.006360619469026549	0.020741150442477877	0.025995575221238937	0.0011061946902654867	0.0055309734513274336	0.02101769911504425	0.019081858407079644	0.0002765486725663717	0.003595132743362832	0.0	0.02627212389380531	0.0	0.008019911504424779	0.027101769911504425	0.01991150442477876	0.0013827433628318584	0.0055309734513274336	0.027101769911504425	0.0030420353982300885	0.0002765486725663717	0.0030420353982300885	0.020464601769911505	0.04673672566371682	0.000829646017699115	0.012168141592920354
0.02350663716814159	0.034015486725663714	0.002488938053097345	0.008296460176991151	0.03733407079646018	0.03705752212389381	0.0013827433628318584	0.008573008849557522	0.0	0.019358407079646017	0.0	0.003595132743362832	0.06084070796460177	0.06664823008849557	0.0030420353982300885	0.01991150442477876	0.02350663716814159	0.022400442477876106	0.0011061946902654867	0.00497787610619469	0.02654867256637168	0.019358407079646017	0.00165929203539823	0.005254424778761062	0.007466814159292036	0.007743362831858407	0.0	0.002488938053097345	0.08130530973451328	0.04756637168141593	0.002488938053097345	0.014380530973451327	0.023230088495575223	0.014380530973451327	0.0011061946902654867	0.0030420353982300885	0.03263274336283186	0.025995575221238937	0.0011061946902654867	0.006360619469026549	0.020741150442477877	0.02627212389380531	0.000829646017699115	0.0055309734513274336	0.02101769911504425	0.019358407079646017	0.0002765486725663717	0.00331858407079646	0.0	0.026825221238938053	0.0	0.007466814159292036	0.027931415929203538	0.019358407079646017	0.0005530973451327434	0.006084070796460177	0.026825221238938053	0.003595132743362832	0.0005530973451327434	0.002488938053097345	0.018805309734513276	0.04673672566371682	0.0011061946902654867	0.012168141592920354
0.024059734513274336	0.034015486725663714	0.0019358407079646017	0.008296460176991151	0.03705752212389381	0.036780973451327435	0.00165929203539823	0.008849557522123894	0.0	0.019358407079646017	0.0	0.003595132743362832	0.06111725663716814	0.06803097345132743	0.0027654867256637168	0.018528761061946904	0.024059734513274336	0.022400442477876106	0.0005530973451327434	0.00497787610619469	0.026825221238938053	0.019358407079646017	0.0013827433628318584	0.005254424778761062	0.007466814159292036	0.007743362831858407	0.0	0.002488938053097345	0.08075221238938053	0.046460176991150445	0.0030420353982300885	0.015210176991150442	0.022400442477876106	0.014103982300884955	0.0019358407079646017	0.00331858407079646	0.03152654867256637	0.02654867256637168	0.0022123893805309734	0.005807522123893806	0.020464601769911505	0.02654867256637168	0.0011061946902654867	0.005254424778761062	0.02101769911504425	0.019081858407079644	0.0002765486725663717	0.003595132743362832	0.0	0.02654867256637168	0.0	0.007743362831858407	0.02765486725663717	0.019081858407079644	0.000829646017699115	0.006360619469026549	0.026825221238938053	0.0038716814159292035	0.0005530973451327434	0.0022123893805309734	0.019358407079646017	0.046460176991150445	0.000829646017699115	0.012444690265486726
0.02350663716814159	0.03373893805309734	0.002488938053097345	0.008573008849557522	0.03622787610619469	0.03622787610619469	0.002488938053097345	0.009402654867256638	0.0	0.020188053097345133	0.0	0.0027654867256637168	0.061946902654867256	0.06858407079646017	0.0019358407079646017	0.01797566371681416	0.024336283185840708	0.02267699115044248	0.0002765486725663717	0.004701327433628319	0.025995575221238937	0.01963495575221239	0.0022123893805309734	0.00497787610619469	0.007466814159292036	0.007466814159292036	0.0	0.0027654867256637168	0.08296460176991151	0.04673672566371682	0.0019358407079646017	0.014933628318584071	0.02267699115044248	0.0146570796460177	0.00165929203539823	0.0027654867256637168	0.031803097345132744	0.02627212389380531	0.0019358407079646017	0.006084070796460177	0.02101769911504425	0.026825221238938053	0.0005530973451327434	0.00497787610619469	0.020741150442477877	0.018805309734513276	0.000829646017699115	0.003595132743362832	0.0	0.02627212389380531	0.0	0.008019911504424779	0.027101769911504425	0.018805309734513276	0.0011061946902654867	0.006913716814159292	0.027101769911504425	0.004148230088495576	0.0002765486725663717	0.0019358407079646017	0.018528761061946904	0.046460176991150445	0.0005530973451327434	0.012444690265486726
0.024059734513274336	0.034015486725663714	0.0019358407079646017	0.008296460176991151	0.03650442477876106	0.03650442477876106	0.0022123893805309734	0.009126106194690266	0.0	0.020188053097345133	0.0	0.0027654867256637168	0.061946902654867256	0.0694137168141593	0.0019358407079646017	0.017146017699115043	0.024059734513274336	0.02267699115044248	0.0005530973451327434	0.004701327433628319	0.02627212389380531	0.019358407079646017	0.00165929203539823	0.0055309734513274336	0.007466814159292036	0.008019911504424779	0.0	0.0022123893805309734	0.08130530973451328	0.046460176991150445	0.0019358407079646017	0.015486725663716814	0.022400442477876106	0.015210176991150442	0.0019358407079646017	0.0022123893805309734	0.031803097345132744	0.026825221238938053	0.0011061946902654867	0.006360619469026549	0.021294247787610618	0.027101769911504425	0.0002765486725663717	0.004701327433628319	0.020464601769911505	0.01825221238938053	0.0011061946902654867	0.004148230088495576	0.0	0.02627212389380531	0.0	0.008019911504424779	0.02654867256637168	0.019081858407079644	0.0011061946902654867	0.007190265486725664	0.026825221238938053	0.004424778761061947	0.0005530973451327434	0.00165929203539823	0.01991150442477876	0.04701327433628318	0.0005530973451327434	0.011891592920353982
0.024059734513274336	0.034292035398230086	0.0019358407079646017	0.008019911504424779	0.03761061946902655	0.03705752212389381	0.00165929203539823	0.008019911504424779	0.0	0.020188053097345133	0.0	0.0027654867256637168	0.06139380530973451	0.06969026548672566	0.002488938053097345	0.01686946902654867	0.024336283185840708	0.022400442477876106	0.0002765486725663717	0.00497787610619469	0.027101769911504425	0.019358407079646017	0.000829646017699115	0.0055309734513274336	0.007466814159292036	0.008019911504424779	0.0	0.0022123893805309734	0.08047566371681415	0.04811946902654867	0.0027654867256637168	0.014380530973451327	0.02295353982300885	0.015210176991150442	0.0013827433628318584	0.0022123893805309734	0.031803097345132744	0.02654867256637168	0.0011061946902654867	0.00663716814159292	0.020464601769911505	0.027101769911504425	0.000829646017699115	0.00497787610619469	0.020741150442477877	0.018528761061946904	0.0005530973451327434	0.004148230088495576	0.0	0.02654867256637168	0.0	0.007743362831858407	0.02627212389380531	0.018805309734513276	0.0013827433628318584	0.007466814159292036	0.026825221238938053	0.004424778761061947	0.0005530973451327434	0.00165929203539823	0.019081858407079644	0.0478429203539823	0.000829646017699115	0.011061946902654867
0.024059734513274336	0.034292035398230086	0.0019358407079646017	0.008019911504424779	0.03844026548672566	0.036780973451327435	0.0011061946902654867	0.008019911504424779	0.0	0.01963495575221239	0.0	0.00331858407079646	0.061670353982300884	0.06969026548672566	0.0022123893805309734	0.01686946902654867	0.023783185840707963	0.02267699115044248	0.000829646017699115	0.004701327433628319	0.02654867256637168	0.019081858407079644	0.00165929203539823	0.0055309734513274336	0.007466814159292036	0.008849557522123894	0.0	0.0013827433628318584	0.08130530973451328	0.047289823008849555	0.0027654867256637168	0.015210176991150442	0.023230088495575223	0.014933628318584071	0.0011061946902654867	0.002488938053097345	0.03152654867256637	0.027101769911504425	0.0013827433628318584	0.006084070796460177	0.020464601769911505	0.027101769911504425	0.000829646017699115	0.00497787610619469	0.01991150442477876	0.01825221238938053	0.0011061946902654867	0.004701327433628319	0.0	0.027101769911504425	0.0	0.007190265486725664	0.025995575221238937	0.018528761061946904	0.0019358407079646017	0.007466814159292036	0.027101769911504425	0.004424778761061947	0.0002765486725663717	0.00165929203539823	0.01825221238938053	0.04894911504424779	0.000829646017699115	0.00995575221238938
0.024059734513274336	0.03456858407079646	0.0019358407079646017	0.007743362831858407	0.03844026548672566	0.03650442477876106	0.0011061946902654867	0.008296460176991151	0.0	0.01963495575221239	0.0	0.00331858407079646	0.06139380530973451	0.07051991150442478	0.002488938053097345	0.016039823008849558	0.02350663716814159	0.02350663716814159	0.0011061946902654867	0.0038716814159292035	0.02627212389380531	0.019358407079646017	0.0022123893805309734	0.00497787610619469	0.007466814159292036	0.008849557522123894	0.0	0.0013827433628318584	0.08130530973451328	0.04756637168141593	0.0030420353982300885	0.0146570796460177	0.02295353982300885	0.014933628318584071	0.0013827433628318584	0.002488938053097345	0.031803097345132744	0.027101769911504425	0.0011061946902654867	0.006084070796460177	0.02101769911504425	0.02765486725663717	0.0002765486725663717	0.004424778761061947	0.020464601769911505	0.017699115044247787	0.0005530973451327434	0.005254424778761062	0.0	0.027101769911504425	0.0	0.007190265486725664	0.025719026548672565	0.018805309734513276	0.0022123893805309734	0.007190265486725664	0.026825221238938053	0.004424778761061947	0.0005530973451327434	0.00165929203539823	0.017146017699115043	0.04922566371681416	0.0019358407079646017	0.009679203539823008
0.02461283185840708	0.035398230088495575	0.0013827433628318584	0.006913716814159292	0.03871681415929203	0.036780973451327435	0.00165929203539823	0.007190265486725664	0.0	0.019081858407079644	0.0	0.0038716814159292035	0.061670353982300884	0.06803097345132743	0.0022123893805309734	0.018528761061946904	0.02350663716814159	0.02295353982300885	0.0011061946902654867	0.004424778761061947	0.025995575221238937	0.018805309734513276	0.002488938053097345	0.0055309734513274336	0.007466814159292036	0.009126106194690266	0.0	0.0011061946902654867	0.08130530973451328	0.048672566371681415	0.0019358407079646017	0.013827433628318585	0.02267699115044248	0.014933628318584071	0.00165929203539823	0.002488938053097345	0.031803097345132744	0.027101769911504425	0.0011061946902654867	0.006084070796460177	0.02101769911504425	0.027101769911504425	0.0002765486725663717	0.00497787610619469	0.020464601769911505	0.01825221238938053	0.0005530973451327434	0.004701327433628319	0.0	0.027378318584070797	0.0	0.006913716814159292	0.024889380530973452	0.01963495575221239	0.0027654867256637168	0.00663716814159292	0.025995575221238937	0.004148230088495576	0.0013827433628318584	0.0019358407079646017	0.01797566371681416	0.04894911504424779	0.0019358407079646017	0.00995575221238938
0.02461283185840708	0.036780973451327435	0.0013827433628318584	0.0055309734513274336	0.03871681415929203	0.03705752212389381	0.00165929203539823	0.006913716814159292	0.0	0.019358407079646017	0.0	0.003595132743362832	0.061946902654867256	0.0694137168141593	0.0019358407079646017	0.017146017699115043	0.02350663716814159	0.023230088495575223	0.0011061946902654867	0.004148230088495576	0.027101769911504425	0.018805309734513276	0.0013827433628318584	0.0055309734513274336	0.007466814159292036	0.009126106194690266	0.0	0.0011061946902654867	0.08158185840707964	0.04839601769911504	0.0019358407079646017	0.013550884955752213	0.023230088495575223	0.0146570796460177	0.0011061946902654867	0.0027654867256637168	0.03152654867256637	0.026825221238938053	0.0013827433628318584	0.006360619469026549	0.02101769911504425	0.027101769911504425	0.0002765486725663717	0.00497787610619469	0.020464601769911505	0.01825221238938053	0.000829646017699115	0.004424778761061947	0.0	0.02765486725663717	0.0	0.00663716814159292	0.025165929203539824	0.019081858407079644	0.0027654867256637168	0.006913716814159292	0.025995575221238937	0.004148230088495576	0.0013827433628318584	0.0019358407079646017	0.018805309734513276	0.04894911504424779	0.0013827433628318584	0.00995575221238938
0.02461283185840708	0.03622787610619469	0.0013827433628318584	0.006084070796460177	0.03844026548672566	0.03733407079646018	0.0019358407079646017	0.00663716814159292	0.0	0.019358407079646017	0.0	0.003595132743362832	0.0625	0.06969026548672566	0.0013827433628318584	0.01686946902654867	0.024059734513274336	0.02295353982300885	0.0005530973451327434	0.004424778761061947	0.027101769911504425	0.018805309734513276	0.0013827433628318584	0.0055309734513274336	0.006913716814159292	0.009126106194690266	0.0002765486725663717	0.0013827433628318584	0.08019911504424779	0.04894911504424779	0.0030420353982300885	0.012997787610619468	0.02267699115044248	0.014933628318584071	0.00165929203539823	0.002488938053097345	0.030973451327433628	0.027378318584070797	0.00165929203539823	0.006084070796460177	0.021294247787610618	0.02627212389380531	0.0002765486725663717	0.0055309734513274336	0.01991150442477876	0.01797566371681416	0.0011061946902654867	0.00497787610619469	0.0	0.027931415929203538	0.0	0.006360619469026549	0.02461283185840708	0.018805309734513276	0.00331858407079646	0.007190265486725664	0.025719026548672565	0.004424778761061947	0.00165929203539823	0.00165929203539823	0.019081858407079644	0.04950221238938053	0.0013827433628318584	0.009402654867256638
0.024059734513274336	0.03595132743362832	0.0019358407079646017	0.006360619469026549	0.03816371681415929	0.036780973451327435	0.0019358407079646017	0.007466814159292036	0.0	0.01963495575221239	0.0	0.00331858407079646	0.06277654867256637	0.07079646017699115	0.0011061946902654867	0.015763274336283186	0.023783185840707963	0.02295353982300885	0.000829646017699115	0.004424778761061947	0.02654867256637168	0.019358407079646017	0.0022123893805309734	0.004701327433628319	0.006913716814159292	0.009402654867256638	0.0002765486725663717	0.0011061946902654867	0.08158185840707964	0.04894911504424779	0.0027654867256637168	0.012997787610619468	0.02267699115044248	0.0146570796460177	0.00165929203539823	0.0027654867256637168	0.03125	0.02765486725663717	0.0011061946902654867	0.006084070796460177	0.021294247787610618	0.02654867256637168	0.0002765486725663717	0.005254424778761062	0.020188053097345133	0.01825221238938053	0.000829646017699115	0.004701327433628319	0.0	0.027931415929203538	0.0	0.006360619469026549	0.024889380530973452	0.019358407079646017	0.0027654867256637168	0.006913716814159292	0.025442477876106196	0.004424778761061947	0.0019358407079646017	0.00165929203539823	0.018528761061946904	0.05060840707964602	0.000829646017699115	0.008296460176991151
0.024889380530973452	0.03595132743362832	0.0011061946902654867	0.006360619469026549	0.03761061946902655	0.03650442477876106	0.0022123893805309734	0.008019911504424779	0.0	0.019358407079646017	0.0	0.003595132743362832	0.06305309734513274	0.0713495575221239	0.000829646017699115	0.015210176991150442	0.023230088495575223	0.023230088495575223	0.0013827433628318584	0.004148230088495576	0.027101769911504425	0.01991150442477876	0.00165929203539823	0.004148230088495576	0.007190265486725664	0.009126106194690266	0.0002765486725663717	0.0011061946902654867	0.08130530973451328	0.04950221238938053	0.0030420353982300885	0.012168141592920354	0.023230088495575223	0.0146570796460177	0.0011061946902654867	0.0027654867256637168	0.03152654867256637	0.027378318584070797	0.0011061946902654867	0.006084070796460177	0.021294247787610618	0.026825221238938053	0.0002765486725663717	0.00497787610619469	0.020188053097345133	0.018528761061946904	0.000829646017699115	0.004424778761061947	0.0	0.028761061946902654	0.0	0.0055309734513274336	0.025442477876106196	0.019081858407079644	0.0022123893805309734	0.007190265486725664	0.025719026548672565	0.005254424778761062	0.00165929203539823	0.000829646017699115	0.018528761061946904	0.05143805309734513	0.0011061946902654867	0.007466814159292036
0.02461283185840708	0.03595132743362832	0.0013827433628318584	0.006360619469026549	0.03733407079646018	0.03622787610619469	0.0027654867256637168	0.008019911504424779	0.0	0.018805309734513276	0.0	0.004148230088495576	0.06332964601769911	0.07190265486725664	0.0005530973451327434	0.0146570796460177	0.022400442477876106	0.023783185840707963	0.0022123893805309734	0.003595132743362832	0.02654867256637168	0.01963495575221239	0.0019358407079646017	0.004701327433628319	0.007190265486725664	0.009126106194690266	0.0002765486725663717	0.0011061946902654867	0.08019911504424779	0.04922566371681416	0.003595132743362832	0.01327433628318584	0.02350663716814159	0.014380530973451327	0.000829646017699115	0.0030420353982300885	0.03235619469026549	0.02765486725663717	0.0005530973451327434	0.0055309734513274336	0.02101769911504425	0.02765486725663717	0.000829646017699115	0.0038716814159292035	0.020464601769911505	0.019081858407079644	0.000829646017699115	0.003595132743362832	0.0	0.029037610619469027	0.0	0.005254424778761062	0.025995575221238937	0.019358407079646017	0.0022123893805309734	0.006360619469026549	0.025719026548672565	0.0055309734513274336	0.00165929203539823	0.0005530973451327434	0.018805309734513276	0.05033185840707965	0.0005530973451327434	0.008573008849557522
0.02461283185840708	0.035398230088495575	0.0013827433628318584	0.006913716814159292	0.03733407079646018	0.03622787610619469	0.0027654867256637168	0.008019911504424779	0.0	0.018805309734513276	0.0	0.004148230088495576	0.06305309734513274	0.07162610619469026	0.000829646017699115	0.014933628318584071	0.023230088495575223	0.023783185840707963	0.0013827433628318584	0.003595132743362832	0.027101769911504425	0.01963495575221239	0.0013827433628318584	0.004701327433628319	0.006913716814159292	0.009126106194690266	0.0002765486725663717	0.0013827433628318584	0.08158185840707964	0.05060840707964602	0.0027654867256637168	0.011891592920353982	0.023783185840707963	0.014103982300884955	0.0005530973451327434	0.00331858407079646	0.03235619469026549	0.027101769911504425	0.000829646017699115	0.005807522123893806	0.021294247787610618	0.027931415929203538	0.0005530973451327434	0.003595132743362832	0.020188053097345133	0.019358407079646017	0.000829646017699115	0.003595132743362832	0.0	0.029037610619469027	0.0	0.005254424778761062	0.02627212389380531	0.019358407079646017	0.0022123893805309734	0.006084070796460177	0.02627212389380531	0.0055309734513274336	0.0011061946902654867	0.0005530973451327434	0.01825221238938053	0.050055309734513276	0.0005530973451327434	0.008849557522123894
0.024336283185840708	0.03567477876106195	0.00165929203539823	0.00663716814159292	0.03761061946902655	0.03650442477876106	0.0022123893805309734	0.008019911504424779	0.0	0.01825221238938053	0.0	0.004701327433628319	0.06305309734513274	0.0713495575221239	0.000829646017699115	0.015210176991150442	0.02350663716814159	0.02350663716814159	0.0011061946902654867	0.0038716814159292035	0.02765486725663717	0.01963495575221239	0.0011061946902654867	0.004424778761061947	0.006913716814159292	0.009126106194690266	0.0002765486725663717	0.0013827433628318584	0.08158185840707964	0.0517146017699115	0.002488938053097345	0.011061946902654867	0.02350663716814159	0.0146570796460177	0.000829646017699115	0.0027654867256637168	0.031803097345132744	0.02654867256637168	0.0013827433628318584	0.006360619469026549	0.021294247787610618	0.027931415929203538	0.0005530973451327434	0.003595132743362832	0.020464601769911505	0.019358407079646017	0.0005530973451327434	0.003595132743362832	0.0	0.028761061946902654	0.0	0.0055309734513274336	0.027101769911504425	0.01963495575221239	0.00165929203539823	0.0055309734513274336	0.02627212389380531	0.005807522123893806	0.0011061946902654867	0.0002765486725663717	0.017699115044247787	0.05033185840707965	0.0011061946902654867	0.008573008849557522
0.024336283185840708	0.03650442477876106	0.00165929203539823	0.005807522123893806	0.03816371681415929	0.03567477876106195	0.0013827433628318584	0.009126106194690266	0.0	0.01825221238938053	0.0	0.004701327433628319	0.061946902654867256	0.07079646017699115	0.0019358407079646017	0.015763274336283186	0.023783185840707963	0.024336283185840708	0.000829646017699115	0.0030420353982300885	0.027931415929203538	0.019358407079646017	0.0011061946902654867	0.004424778761061947	0.00663716814159292	0.009126106194690266	0.0002765486725663717	0.00165929203539823	0.07964601769911504	0.051991150442477874	0.0038716814159292035	0.01133849557522124	0.023783185840707963	0.0146570796460177	0.0005530973451327434	0.0027654867256637168	0.03125	0.027378318584070797	0.00165929203539823	0.005807522123893806	0.021294247787610618	0.027378318584070797	0.0005530973451327434	0.004148230088495576	0.020741150442477877	0.019358407079646017	0.0002765486725663717	0.003595132743362832	0.0	0.02820796460176991	0.0	0.006084070796460177	0.026825221238938053	0.01963495575221239	0.0019358407079646017	0.0055309734513274336	0.025995575221238937	0.005807522123893806	0.0013827433628318584	0.0002765486725663717	0.017699115044247787	0.04922566371681416	0.0011061946902654867	0.009679203539823008
0.024889380530973452	0.03622787610619469	0.0011061946902654867	0.006084070796460177	0.03761061946902655	0.035398230088495575	0.0011061946902654867	0.010232300884955753	0.0	0.01825221238938053	0.0	0.004701327433628319	0.0625	0.07107300884955753	0.0013827433628318584	0.015486725663716814	0.02350663716814159	0.024336283185840708	0.0011061946902654867	0.0030420353982300885	0.02765486725663717	0.01963495575221239	0.0011061946902654867	0.004424778761061947	0.00663716814159292	0.009402654867256638	0.0002765486725663717	0.0013827433628318584	0.0790929203539823	0.05143805309734513	0.004148230088495576	0.012444690265486726	0.023230088495575223	0.0146570796460177	0.0011061946902654867	0.0027654867256637168	0.030973451327433628	0.02765486725663717	0.0019358407079646017	0.0055309734513274336	0.02101769911504425	0.026825221238938053	0.0005530973451327434	0.00497787610619469	0.020188053097345133	0.019358407079646017	0.0005530973451327434	0.0038716814159292035	0.0	0.02820796460176991	0.0	0.006084070796460177	0.027101769911504425	0.01991150442477876	0.0013827433628318584	0.0055309734513274336	0.025995575221238937	0.005807522123893806	0.0013827433628318584	0.0002765486725663717	0.017146017699115043	0.049778761061946904	0.0013827433628318584	0.009126106194690266
0.02461283185840708	0.03650442477876106	0.0013827433628318584	0.005807522123893806	0.03650442477876106	0.03622787610619469	0.0019358407079646017	0.009679203539823008	0.0	0.018528761061946904	0.0	0.004424778761061947	0.061670353982300884	0.0713495575221239	0.0022123893805309734	0.015210176991150442	0.023230088495575223	0.02461283185840708	0.0013827433628318584	0.0027654867256637168	0.027931415929203538	0.01963495575221239	0.000829646017699115	0.004424778761061947	0.00663716814159292	0.009126106194690266	0.0002765486725663717	0.00165929203539823	0.07771017699115045	0.052267699115044246	0.004148230088495576	0.011891592920353982	0.023230088495575223	0.0146570796460177	0.0011061946902654867	0.0027654867256637168	0.03125	0.028484513274336282	0.0019358407079646017	0.004424778761061947	0.02101769911504425	0.027101769911504425	0.0005530973451327434	0.004701327433628319	0.020188053097345133	0.019358407079646017	0.0005530973451327434	0.0038716814159292035	0.0	0.02820796460176991	0.0	0.006084070796460177	0.02627212389380531	0.01991150442477876	0.0019358407079646017	0.005807522123893806	0.02627212389380531	0.0055309734513274336	0.0011061946902654867	0.0005530973451327434	0.01825221238938053	0.049778761061946904	0.0013827433628318584	0.009126106194690266
0.02461283185840708	0.03650442477876106	0.0013827433628318584	0.005807522123893806	0.03567477876106195	0.03650442477876106	0.0027654867256637168	0.009402654867256638	0.0	0.018805309734513276	0.0	0.004148230088495576	0.06084070796460177	0.07079646017699115	0.0030420353982300885	0.015763274336283186	0.023230088495575223	0.024336283185840708	0.0013827433628318584	0.0030420353982300885	0.02820796460176991	0.01963495575221239	0.0005530973451327434	0.004424778761061947	0.006913716814159292	0.009126106194690266	0.0	0.00165929203539823	0.07743362831858407	0.053373893805309734	0.003595132743362832	0.011061946902654867	0.023783185840707963	0.0146570796460177	0.0005530973451327434	0.0027654867256637168	0.03152654867256637	0.0293141592920354	0.0011061946902654867	0.004148230088495576	0.020741150442477877	0.026825221238938053	0.0005530973451327434	0.005254424778761062	0.01991150442477876	0.019358407079646017	0.000829646017699115	0.0038716814159292035	0.0	0.028484513274336282	0.0	0.005807522123893806	0.025995575221238937	0.020741150442477877	0.0022123893805309734	0.00497787610619469	0.02654867256637168	0.005254424778761062	0.000829646017699115	0.000829646017699115	0.019081858407079644	0.049778761061946904	0.0011061946902654867	0.009126106194690266
0.02461283185840708	0.035398230088495575	0.0013827433628318584	0.006913716814159292	0.03567477876106195	0.03705752212389381	0.0027654867256637168	0.008849557522123894	0.0	0.01825221238938053	0.0	0.004701327433628319	0.059457964601769914	0.07162610619469026	0.004424778761061947	0.014933628318584071	0.02350663716814159	0.024336283185840708	0.0011061946902654867	0.0030420353982300885	0.027931415929203538	0.020188053097345133	0.000829646017699115	0.0038716814159292035	0.006913716814159292	0.009126106194690266	0.0	0.00165929203539823	0.07743362831858407	0.05420353982300885	0.0027654867256637168	0.010508849557522125	0.023783185840707963	0.014380530973451327	0.0005530973451327434	0.0030420353982300885	0.03125	0.028761061946902654	0.0011061946902654867	0.00497787610619469	0.01963495575221239	0.027101769911504425	0.00165929203539823	0.00497787610619469	0.01991150442477876	0.019358407079646017	0.000829646017699115	0.0038716814159292035	0.0	0.0293141592920354	0.0	0.00497787610619469	0.027101769911504425	0.020464601769911505	0.0011061946902654867	0.005254424778761062	0.02654867256637168	0.005254424778761062	0.000829646017699115	0.000829646017699115	0.019081858407079644	0.04950221238938053	0.00165929203539823	0.009402654867256638
0.025165929203539824	0.035398230088495575	0.000829646017699115	0.006913716814159292	0.03650442477876106	0.037887168141592924	0.00165929203539823	0.008296460176991151	0.0	0.018805309734513276	0.0	0.004148230088495576	0.06001106194690266	0.07328539823008849	0.0038716814159292035	0.01327433628318584	0.023230088495575223	0.024336283185840708	0.0013827433628318584	0.0030420353982300885	0.02820796460176991	0.020464601769911505	0.0011061946902654867	0.0030420353982300885	0.006913716814159292	0.009126106194690266	0.0	0.00165929203539823	0.07743362831858407	0.05448008849557522	0.0027654867256637168	0.00995575221238938	0.023783185840707963	0.0146570796460177	0.0005530973451327434	0.0027654867256637168	0.03152654867256637	0.029037610619469027	0.0005530973451327434	0.00497787610619469	0.019358407079646017	0.027378318584070797	0.0013827433628318584	0.005254424778761062	0.01991150442477876	0.019358407079646017	0.000829646017699115	0.0038716814159292035	0.0	0.03014380530973451	0.0	0.004148230088495576	0.027101769911504425	0.020464601769911505	0.0013827433628318584	0.00497787610619469	0.02627212389380531	0.005254424778761062	0.0011061946902654867	0.000829646017699115	0.01963495575221239	0.04839601769911504	0.0013827433628318584	0.010508849557522125
0.025165929203539824	0.03484513274336283	0.000829646017699115	0.007466814159292036	0.03622787610619469	0.037887168141592924	0.0019358407079646017	0.008296460176991151	0.0	0.019081858407079644	0.0	0.0038716814159292035	0.06001106194690266	0.07300884955752213	0.0038716814159292035	0.013550884955752213	0.02295353982300885	0.025165929203539824	0.00165929203539823	0.0022123893805309734	0.028484513274336282	0.020464601769911505	0.000829646017699115	0.0030420353982300885	0.00663716814159292	0.009126106194690266	0.0002765486725663717	0.00165929203539823	0.07660398230088496	0.05420353982300885	0.0030420353982300885	0.010232300884955753	0.02350663716814159	0.0146570796460177	0.000829646017699115	0.0027654867256637168	0.03152654867256637	0.028484513274336282	0.0011061946902654867	0.00497787610619469	0.018805309734513276	0.02765486725663717	0.0019358407079646017	0.00497787610619469	0.020188053097345133	0.01963495575221239	0.0005530973451327434	0.003595132743362832	0.0	0.030696902654867256	0.0	0.003595132743362832	0.027101769911504425	0.020464601769911505	0.0011061946902654867	0.005254424778761062	0.025995575221238937	0.0055309734513274336	0.0013827433628318584	0.0005530973451327434	0.020741150442477877	0.048672566371681415	0.000829646017699115	0.010232300884955753
0.025165929203539824	0.034015486725663714	0.000829646017699115	0.008296460176991151	0.03705752212389381	0.03761061946902655	0.0011061946902654867	0.008573008849557522	0.0	0.019081858407079644	0.0	0.0038716814159292035	0.060564159292035395	0.07273230088495575	0.00331858407079646	0.013827433628318585	0.02295353982300885	0.025442477876106196	0.00165929203539823	0.0019358407079646017	0.02820796460176991	0.020464601769911505	0.0011061946902654867	0.0030420353982300885	0.006360619469026549	0.009679203539823008	0.0005530973451327434	0.0011061946902654867	0.0771570796460177	0.054756637168141595	0.0027654867256637168	0.010232300884955753	0.023230088495575223	0.0146570796460177	0.0011061946902654867	0.0027654867256637168	0.03152654867256637	0.028761061946902654	0.0011061946902654867	0.004701327433628319	0.018805309734513276	0.027931415929203538	0.0019358407079646017	0.004701327433628319	0.020464601769911505	0.01991150442477876	0.0002765486725663717	0.00331858407079646	0.0	0.02959070796460177	0.0	0.004701327433628319	0.02654867256637168	0.019081858407079644	0.0013827433628318584	0.006913716814159292	0.02654867256637168	0.0055309734513274336	0.000829646017699115	0.0005530973451327434	0.020464601769911505	0.04811946902654867	0.0002765486725663717	0.010785398230088495
0.024889380530973452	0.03346238938053098	0.0011061946902654867	0.008849557522123894	0.03705752212389381	0.03650442477876106	0.0005530973451327434	0.010232300884955753	0.0	0.018805309734513276	0.0	0.004148230088495576	0.059734513274336286	0.07383849557522124	0.004148230088495576	0.012721238938053098	0.023230088495575223	0.025442477876106196	0.0013827433628318584	0.0019358407079646017	0.02765486725663717	0.020741150442477877	0.0013827433628318584	0.0030420353982300885	0.006913716814159292	0.009679203539823008	0.0002765486725663717	0.000829646017699115	0.07688053097345132	0.053650442477876106	0.0030420353982300885	0.011891592920353982	0.02295353982300885	0.0146570796460177	0.0013827433628318584	0.0027654867256637168	0.031803097345132744	0.028761061946902654	0.000829646017699115	0.004701327433628319	0.019081858407079644	0.027101769911504425	0.00165929203539823	0.0055309734513274336	0.020741150442477877	0.019081858407079644	0.0002765486725663717	0.0038716814159292035	0.0	0.02959070796460177	0.0	0.004701327433628319	0.02627212389380531	0.01991150442477876	0.00165929203539823	0.006084070796460177	0.02627212389380531	0.005254424778761062	0.0011061946902654867	0.000829646017699115	0.020188053097345133	0.04839601769911504	0.0	0.010508849557522125
0.02461283185840708	0.034015486725663714	0.0013827433628318584	0.008296460176991151	0.03705752212389381	0.036780973451327435	0.0005530973451327434	0.00995575221238938	0.0	0.019081858407079644	0.0	0.0038716814159292035	0.06084070796460177	0.07383849557522124	0.0030420353982300885	0.012721238938053098	0.02267699115044248	0.025442477876106196	0.0019358407079646017	0.0019358407079646017	0.027101769911504425	0.020464601769911505	0.00165929203539823	0.003595132743362832	0.007190265486725664	0.009679203539823008	0.0	0.000829646017699115	0.07936946902654868	0.05448008849557522	0.003595132743362832	0.011061946902654867	0.02267699115044248	0.0146570796460177	0.00165929203539823	0.0027654867256637168	0.03152654867256637	0.029037610619469027	0.0011061946902654867	0.004424778761061947	0.019358407079646017	0.02765486725663717	0.0013827433628318584	0.00497787610619469	0.020464601769911505	0.018528761061946904	0.0002765486725663717	0.004701327433628319	0.0	0.029867256637168143	0.0	0.004424778761061947	0.026825221238938053	0.020464601769911505	0.0011061946902654867	0.0055309734513274336	0.025995575221238937	0.0055309734513274336	0.0013827433628318584	0.0005530973451327434	0.01686946902654867	0.048672566371681415	0.0002765486725663717	0.010232300884955753
0.024889380530973452	0.03456858407079646	0.0011061946902654867	0.007743362831858407	0.03761061946902655	0.03761061946902655	0.000829646017699115	0.008296460176991151	0.0	0.019358407079646017	0.0	0.003595132743362832	0.06111725663716814	0.07439159292035398	0.0027654867256637168	0.012168141592920354	0.023230088495575223	0.025995575221238937	0.0013827433628318584	0.0013827433628318584	0.026825221238938053	0.020464601769911505	0.00165929203539823	0.0038716814159292035	0.007190265486725664	0.009679203539823008	0.0	0.000829646017699115	0.08019911504424779	0.054756637168141595	0.00331858407079646	0.011061946902654867	0.02295353982300885	0.0146570796460177	0.0013827433628318584	0.0027654867256637168	0.030973451327433628	0.028484513274336282	0.00165929203539823	0.00497787610619469	0.020188053097345133	0.027101769911504425	0.0005530973451327434	0.0055309734513274336	0.020741150442477877	0.019358407079646017	0.0002765486725663717	0.003595132743362832	0.0	0.03014380530973451	0.0	0.004148230088495576	0.027101769911504425	0.020464601769911505	0.000829646017699115	0.0055309734513274336	0.02627212389380531	0.005254424778761062	0.0011061946902654867	0.000829646017699115	0.01631637168141593	0.04950221238938053	0.0	0.009402654867256638
0.024889380530973452	0.03346238938053098	0.0011061946902654867	0.008849557522123894	0.03844026548672566	0.03816371681415929	0.0005530973451327434	0.007190265486725664	0.0	0.019081858407079644	0.0	0.0038716814159292035	0.06028761061946902	0.07411504424778761	0.003595132743362832	0.012444690265486726	0.02295353982300885	0.025995575221238937	0.00165929203539823	0.0013827433628318584	0.027378318584070797	0.020741150442477877	0.0011061946902654867	0.003595132743362832	0.007190265486725664	0.009679203539823008	0.0	0.000829646017699115	0.07881637168141593	0.05558628318584071	0.003595132743362832	0.010232300884955753	0.02350663716814159	0.014933628318584071	0.000829646017699115	0.002488938053097345	0.030973451327433628	0.02820796460176991	0.0013827433628318584	0.0055309734513274336	0.020188053097345133	0.026825221238938053	0.0005530973451327434	0.005807522123893806	0.01991150442477876	0.019358407079646017	0.0011061946902654867	0.003595132743362832	0.0	0.03014380530973451	0.0	0.004148230088495576	0.027101769911504425	0.02101769911504425	0.000829646017699115	0.00497787610619469	0.02654867256637168	0.0055309734513274336	0.000829646017699115	0.0005530973451327434	0.017422566371681415	0.049778761061946904	0.0	0.009126106194690266
0.025165929203539824	0.03456858407079646	0.000829646017699115	0.007743362831858407	0.03816371681415929	0.03844026548672566	0.0005530973451327434	0.007190265486725664	0.0	0.019358407079646017	0.0	0.003595132743362832	0.061670353982300884	0.07356194690265487	0.0022123893805309734	0.012997787610619468	0.02350663716814159	0.025719026548672565	0.0011061946902654867	0.00165929203539823	0.027931415929203538	0.020741150442477877	0.000829646017699115	0.00331858407079646	0.007190265486725664	0.009679203539823008	0.0	0.000829646017699115	0.0790929203539823	0.05530973451327434	0.0030420353982300885	0.011061946902654867	0.023783185840707963	0.014933628318584071	0.0005530973451327434	0.002488938053097345	0.030973451327433628	0.027931415929203538	0.0013827433628318584	0.005807522123893806	0.02101769911504425	0.02654867256637168	0.0002765486725663717	0.0055309734513274336	0.020188053097345133	0.019081858407079644	0.0005530973451327434	0.004148230088495576	0.0	0.029867256637168143	0.0	0.004424778761061947	0.026825221238938053	0.020741150442477877	0.0011061946902654867	0.005254424778761062	0.025442477876106196	0.005807522123893806	0.0019358407079646017	0.0002765486725663717	0.01686946902654867	0.050055309734513276	0.0002765486725663717	0.008849557522123894
0.024889380530973452	0.0351216814159292	0.0011061946902654867	0.007190265486725664	0.03844026548672566	0.037887168141592924	0.0	0.008019911504424779	0.0	0.019081858407079644	0.0	0.0038716814159292035	0.061946902654867256	0.0752212389380531	0.0019358407079646017	0.01133849557522124	0.024059734513274336	0.025719026548672565	0.0005530973451327434	0.00165929203539823	0.028484513274336282	0.020741150442477877	0.0002765486725663717	0.00331858407079646	0.007466814159292036	0.009402654867256638	0.0	0.000829646017699115	0.07798672566371681	0.05558628318584071	0.003595132743362832	0.011891592920353982	0.024059734513274336	0.0146570796460177	0.0002765486725663717	0.0027654867256637168	0.03125	0.027931415929203538	0.0011061946902654867	0.005807522123893806	0.020464601769911505	0.02654867256637168	0.0013827433628318584	0.00497787610619469	0.01991150442477876	0.018528761061946904	0.0005530973451327434	0.00497787610619469	0.0	0.02959070796460177	0.0	0.004701327433628319	0.02654867256637168	0.020464601769911505	0.0011061946902654867	0.005807522123893806	0.025165929203539824	0.005807522123893806	0.0022123893805309734	0.0002765486725663717	0.016039823008849558	0.05033185840707965	0.0005530973451327434	0.008573008849557522
0.02461283185840708	0.03595132743362832	0.0013827433628318584	0.006360619469026549	0.03761061946902655	0.03844026548672566	0.000829646017699115	0.007466814159292036	0.0	0.019081858407079644	0.0	0.0038716814159292035	0.06111725663716814	0.07494469026548672	0.0027654867256637168	0.011615044247787611	0.024336283185840708	0.025719026548672565	0.0002765486725663717	0.00165929203539823	0.028484513274336282	0.020464601769911505	0.0002765486725663717	0.003595132743362832	0.007466814159292036	0.009402654867256638	0.0	0.000829646017699115	0.07743362831858407	0.05530973451327434	0.0030420353982300885	0.012168141592920354	0.024336283185840708	0.015210176991150442	0.0	0.0022123893805309734	0.030696902654867256	0.02820796460176991	0.0013827433628318584	0.005807522123893806	0.021294247787610618	0.026825221238938053	0.0005530973451327434	0.004701327433628319	0.01991150442477876	0.01825221238938053	0.000829646017699115	0.00497787610619469	0.0	0.0293141592920354	0.0	0.00497787610619469	0.025995575221238937	0.020188053097345133	0.00165929203539823	0.006084070796460177	0.025442477876106196	0.005807522123893806	0.0019358407079646017	0.0002765486725663717	0.016592920353982302	0.05060840707964602	0.0011061946902654867	0.008296460176991151
0.024336283185840708	0.03567477876106195	0.00165929203539823	0.00663716814159292	0.03650442477876106	0.037887168141592924	0.0013827433628318584	0.008573008849557522	0.0	0.018528761061946904	0.0	0.004424778761061947	0.061946902654867256	0.07549778761061947	0.0019358407079646017	0.011061946902654867	0.024059734513274336	0.025719026548672565	0.0005530973451327434	0.00165929203539823	0.027931415929203538	0.020188053097345133	0.000829646017699115	0.0038716814159292035	0.007466814159292036	0.009402654867256638	0.0	0.000829646017699115	0.07632743362831858	0.05558628318584071	0.0038716814159292035	0.012997787610619468	0.024059734513274336	0.015486725663716814	0.0002765486725663717	0.0019358407079646017	0.029867256637168143	0.02820796460176991	0.0013827433628318584	0.00663716814159292	0.02101769911504425	0.026825221238938053	0.0005530973451327434	0.00497787610619469	0.01991150442477876	0.018528761061946904	0.000829646017699115	0.004701327433628319	0.0	0.0293141592920354	0.0	0.00497787610619469	0.025719026548672565	0.01963495575221239	0.00165929203539823	0.006913716814159292	0.025995575221238937	0.005807522123893806	0.0013827433628318584	0.0002765486725663717	0.016592920353982302	0.049778761061946904	0.0002765486725663717	0.009126106194690266
0.024336283185840708	0.03567477876106195	0.00165929203539823	0.00663716814159292	0.03567477876106195	0.03733407079646018	0.0019358407079646017	0.009402654867256638	0.0	0.018805309734513276	0.0	0.004148230088495576	0.06222345132743363	0.07577433628318585	0.00165929203539823	0.010785398230088495	0.024336283185840708	0.025165929203539824	0.0002765486725663717	0.0022123893805309734	0.02820796460176991	0.020464601769911505	0.0005530973451327434	0.003595132743362832	0.006913716814159292	0.009402654867256638	0.0005530973451327434	0.000829646017699115	0.07549778761061947	0.055862831858407076	0.004148230088495576	0.012997787610619468	0.02350663716814159	0.015210176991150442	0.000829646017699115	0.0022123893805309734	0.02959070796460177	0.026825221238938053	0.0013827433628318584	0.008296460176991151	0.021294247787610618	0.026825221238938053	0.0005530973451327434	0.004701327433628319	0.01991150442477876	0.018805309734513276	0.0005530973451327434	0.004701327433628319	0.0	0.0293141592920354	0.0	0.00497787610619469	0.024889380530973452	0.020188053097345133	0.0022123893805309734	0.00663716814159292	0.02627212389380531	0.005807522123893806	0.0011061946902654867	0.0002765486725663717	0.016592920353982302	0.05060840707964602	0.0005530973451327434	0.008296460176991151
0.024889380530973452	0.03595132743362832	0.0011061946902654867	0.006360619469026549	0.03595132743362832	0.03761061946902655	0.0019358407079646017	0.008849557522123894	0.0	0.018528761061946904	0.0	0.004424778761061947	0.06222345132743363	0.07688053097345132	0.00165929203539823	0.009679203539823008	0.024336283185840708	0.024889380530973452	0.0002765486725663717	0.002488938053097345	0.027931415929203538	0.020188053097345133	0.000829646017699115	0.0038716814159292035	0.007190265486725664	0.008849557522123894	0.0002765486725663717	0.0013827433628318584	0.07411504424778761	0.056969026548672565	0.004148230088495576	0.012997787610619468	0.023783185840707963	0.0146570796460177	0.0005530973451327434	0.0027654867256637168	0.029867256637168143	0.027101769911504425	0.0013827433628318584	0.007743362831858407	0.020464601769911505	0.02765486725663717	0.000829646017699115	0.004424778761061947	0.01963495575221239	0.01825221238938053	0.0005530973451327434	0.0055309734513274336	0.0	0.029037610619469027	0.0	0.005254424778761062	0.024059734513274336	0.020741150442477877	0.002488938053097345	0.00663716814159292	0.02654867256637168	0.005807522123893806	0.000829646017699115	0.0002765486725663717	0.01631637168141593	0.05143805309734513	0.0011061946902654867	0.007466814159292036
0.024336283185840708	0.03650442477876106	0.00165929203539823	0.005807522123893806	0.03595132743362832	0.03761061946902655	0.0019358407079646017	0.008849557522123894	0.0	0.01825221238938053	0.0	0.004701327433628319	0.06305309734513274	0.07771017699115045	0.000829646017699115	0.008849557522123894	0.024059734513274336	0.02461283185840708	0.0005530973451327434	0.0027654867256637168	0.02765486725663717	0.01963495575221239	0.000829646017699115	0.004701327433628319	0.007190265486725664	0.009402654867256638	0.0002765486725663717	0.000829646017699115	0.07577433628318585	0.056969026548672565	0.00331858407079646	0.01327433628318584	0.02295353982300885	0.0146570796460177	0.0013827433628318584	0.0027654867256637168	0.029867256637168143	0.027378318584070797	0.0011061946902654867	0.007743362831858407	0.020741150442477877	0.02765486725663717	0.0005530973451327434	0.004424778761061947	0.019358407079646017	0.019358407079646017	0.000829646017699115	0.004424778761061947	0.0	0.028761061946902654	0.0	0.0055309734513274336	0.024336283185840708	0.020464601769911505	0.0022123893805309734	0.006913716814159292	0.02627212389380531	0.005254424778761062	0.0011061946902654867	0.000829646017699115	0.015210176991150442	0.05088495575221239	0.0011061946902654867	0.008019911504424779
0.024889380530973452	0.03650442477876106	0.0011061946902654867	0.005807522123893806	0.03705752212389381	0.037887168141592924	0.0013827433628318584	0.008019911504424779	0.0	0.01797566371681416	0.0	0.00497787610619469	0.06277654867256637	0.07771017699115045	0.0011061946902654867	0.008849557522123894	0.02461283185840708	0.024336283185840708	0.0	0.0030420353982300885	0.027931415929203538	0.01963495575221239	0.0005530973451327434	0.004701327433628319	0.007190265486725664	0.009402654867256638	0.0	0.0011061946902654867	0.07632743362831858	0.055862831858407076	0.0030420353982300885	0.014380530973451327	0.023230088495575223	0.0146570796460177	0.0011061946902654867	0.0027654867256637168	0.03014380530973451	0.027931415929203538	0.000829646017699115	0.007190265486725664	0.020741150442477877	0.02820796460176991	0.0002765486725663717	0.004148230088495576	0.019358407079646017	0.019081858407079644	0.000829646017699115	0.004701327433628319	0.0	0.0293141592920354	0.0	0.00497787610619469	0.025165929203539824	0.020741150442477877	0.0013827433628318584	0.00663716814159292	0.02654867256637168	0.005254424778761062	0.000829646017699115	0.000829646017699115	0.015486725663716814	0.05060840707964602	0.0005530973451327434	0.008296460176991151
0.024889380530973452	0.035398230088495575	0.0011061946902654867	0.006913716814159292	0.03650442477876106	0.03844026548672566	0.0019358407079646017	0.007466814159292036	0.0	0.017699115044247787	0.0	0.005254424778761062	0.0625	0.07771017699115045	0.0013827433628318584	0.008849557522123894	0.024336283185840708	0.023783185840707963	0.0002765486725663717	0.003595132743362832	0.02765486725663717	0.020464601769911505	0.0011061946902654867	0.003595132743362832	0.006913716814159292	0.009402654867256638	0.0	0.0013827433628318584	0.07605088495575221	0.05558628318584071	0.003595132743362832	0.014933628318584071	0.02295353982300885	0.014933628318584071	0.0013827433628318584	0.002488938053097345	0.030420353982300884	0.02820796460176991	0.0002765486725663717	0.007190265486725664	0.020741150442477877	0.02820796460176991	0.0002765486725663717	0.004148230088495576	0.01963495575221239	0.019358407079646017	0.0005530973451327434	0.004424778761061947	0.0	0.028761061946902654	0.0	0.0055309734513274336	0.025165929203539824	0.02157079646017699	0.0011061946902654867	0.006084070796460177	0.026825221238938053	0.00497787610619469	0.0005530973451327434	0.0011061946902654867	0.0146570796460177	0.051161504424778764	0.000829646017699115	0.007743362831858407
0.024889380530973452	0.03567477876106195	0.0011061946902654867	0.00663716814159292	0.036780973451327435	0.03816371681415929	0.00165929203539823	0.007743362831858407	0.0	0.017699115044247787	0.0	0.005254424778761062	0.0625	0.07798672566371681	0.0013827433628318584	0.008573008849557522	0.024059734513274336	0.023783185840707963	0.0005530973451327434	0.003595132743362832	0.02765486725663717	0.020188053097345133	0.000829646017699115	0.004148230088495576	0.006084070796460177	0.009402654867256638	0.0005530973451327434	0.00165929203539823	0.07660398230088496	0.055862831858407076	0.0030420353982300885	0.014933628318584071	0.023230088495575223	0.014933628318584071	0.0011061946902654867	0.002488938053097345	0.02959070796460177	0.027931415929203538	0.0011061946902654867	0.007466814159292036	0.01991150442477876	0.028484513274336282	0.000829646017699115	0.004148230088495576	0.020188053097345133	0.01991150442477876	0.0002765486725663717	0.003595132743362832	0.0	0.028761061946902654	0.0	0.0055309734513274336	0.025165929203539824	0.02157079646017699	0.0011061946902654867	0.006084070796460177	0.02654867256637168	0.00497787610619469	0.000829646017699115	0.0011061946902654867	0.014933628318584071	0.05143805309734513	0.0002765486725663717	0.007466814159292036
0.02461283185840708	0.035398230088495575	0.0013827433628318584	0.006913716814159292	0.03650442477876106	0.03761061946902655	0.0022123893805309734	0.008019911504424779	0.0	0.017422566371681415	0.0	0.0055309734513274336	0.061946902654867256	0.07798672566371681	0.0019358407079646017	0.008573008849557522	0.023783185840707963	0.02350663716814159	0.000829646017699115	0.0038716814159292035	0.027378318584070797	0.020188053097345133	0.0011061946902654867	0.004148230088495576	0.006084070796460177	0.009402654867256638	0.0005530973451327434	0.00165929203539823	0.07549778761061947	0.054756637168141595	0.0030420353982300885	0.015763274336283186	0.02350663716814159	0.014933628318584071	0.000829646017699115	0.002488938053097345	0.02959070796460177	0.02820796460176991	0.0005530973451327434	0.007743362831858407	0.020188053097345133	0.028761061946902654	0.0002765486725663717	0.004148230088495576	0.020188053097345133	0.01991150442477876	0.0002765486725663717	0.003595132743362832	0.0	0.028761061946902654	0.0	0.0055309734513274336	0.025165929203539824	0.021847345132743362	0.0011061946902654867	0.005807522123893806	0.026825221238938053	0.00497787610619469	0.0005530973451327434	0.0011061946902654867	0.015763274336283186	0.0517146017699115	0.000829646017699115	0.007190265486725664
0.02461283185840708	0.0351216814159292	0.0013827433628318584	0.007190265486725664	0.03622787610619469	0.03816371681415929	0.0027654867256637168	0.007190265486725664	0.0	0.01825221238938053	0.0	0.004701327433628319	0.061946902654867256	0.0771570796460177	0.0019358407079646017	0.009402654867256638	0.023783185840707963	0.023230088495575223	0.000829646017699115	0.004148230088495576	0.027378318584070797	0.020188053097345133	0.0011061946902654867	0.004148230088495576	0.005807522123893806	0.009126106194690266	0.000829646017699115	0.0019358407079646017	0.07660398230088496	0.054756637168141595	0.00165929203539823	0.015486725663716814	0.023783185840707963	0.014933628318584071	0.0005530973451327434	0.002488938053097345	0.0293141592920354	0.028484513274336282	0.0005530973451327434	0.007743362831858407	0.020464601769911505	0.02765486725663717	0.0	0.005254424778761062	0.01991150442477876	0.01963495575221239	0.0002765486725663717	0.004148230088495576	0.0	0.02820796460176991	0.0	0.006084070796460177	0.024336283185840708	0.021847345132743362	0.00165929203539823	0.006084070796460177	0.026825221238938053	0.00497787610619469	0.0005530973451327434	0.0011061946902654867	0.015763274336283186	0.051161504424778764	0.0013827433628318584	0.007743362831858407
0.025442477876106196	0.03567477876106195	0.0005530973451327434	0.00663716814159292	0.03567477876106195	0.03761061946902655	0.0027654867256637168	0.008296460176991151	0.0	0.018805309734513276	0.0	0.004148230088495576	0.061670353982300884	0.07688053097345132	0.0022123893805309734	0.009679203539823008	0.024059734513274336	0.023230088495575223	0.0005530973451327434	0.004148230088495576	0.026825221238938053	0.01991150442477876	0.0011061946902654867	0.00497787610619469	0.005807522123893806	0.008849557522123894	0.000829646017699115	0.0022123893805309734	0.07549778761061947	0.05503318584070797	0.0027654867256637168	0.014933628318584071	0.02350663716814159	0.015486725663716814	0.000829646017699115	0.0019358407079646017	0.028761061946902654	0.02959070796460177	0.000829646017699115	0.006913716814159292	0.01963495575221239	0.027378318584070797	0.000829646017699115	0.0055309734513274336	0.01963495575221239	0.01963495575221239	0.0	0.004701327433628319	0.0	0.027931415929203538	0.0	0.006360619469026549	0.024889380530973452	0.022123893805309734	0.0011061946902654867	0.005807522123893806	0.026825221238938053	0.00497787610619469	0.0005530973451327434	0.0011061946902654867	0.016592920353982302	0.05060840707964602	0.000829646017699115	0.008296460176991151
0.024889380530973452	0.03456858407079646	0.0011061946902654867	0.007743362831858407	0.03650442477876106	0.03733407079646018	0.00165929203539823	0.008849557522123894	0.0	0.018528761061946904	0.0	0.004424778761061947	0.06139380530973451	0.07605088495575221	0.002488938053097345	0.010508849557522125	0.023783185840707963	0.02350663716814159	0.000829646017699115	0.0038716814159292035	0.026825221238938053	0.020741150442477877	0.0005530973451327434	0.004701327433628319	0.006084070796460177	0.009126106194690266	0.0005530973451327434	0.0019358407079646017	0.07466814159292036	0.054756637168141595	0.002488938053097345	0.015486725663716814	0.02350663716814159	0.015210176991150442	0.000829646017699115	0.0022123893805309734	0.0293141592920354	0.02959070796460177	0.0005530973451327434	0.00663716814159292	0.01963495575221239	0.026825221238938053	0.0002765486725663717	0.00663716814159292	0.019358407079646017	0.01991150442477876	0.0002765486725663717	0.004424778761061947	0.0	0.027931415929203538	0.0	0.006360619469026549	0.024889380530973452	0.022400442477876106	0.0011061946902654867	0.0055309734513274336	0.02654867256637168	0.00497787610619469	0.000829646017699115	0.0011061946902654867	0.017699115044247787	0.050055309734513276	0.0005530973451327434	0.008849557522123894
0.024889380530973452	0.0351216814159292	0.0011061946902654867	0.007190265486725664	0.03733407079646018	0.03733407079646018	0.0005530973451327434	0.009126106194690266	0.0	0.01825221238938053	0.0	0.004701327433628319	0.06222345132743363	0.07688053097345132	0.00165929203539823	0.009679203539823008	0.023783185840707963	0.02350663716814159	0.000829646017699115	0.0038716814159292035	0.02627212389380531	0.020188053097345133	0.000829646017699115	0.0055309734513274336	0.006360619469026549	0.009126106194690266	0.0005530973451327434	0.00165929203539823	0.07549778761061947	0.05448008849557522	0.0027654867256637168	0.016039823008849558	0.02295353982300885	0.014933628318584071	0.0013827433628318584	0.002488938053097345	0.0293141592920354	0.030420353982300884	0.0002765486725663717	0.006084070796460177	0.01963495575221239	0.02765486725663717	0.0002765486725663717	0.005807522123893806	0.019081858407079644	0.020188053097345133	0.0005530973451327434	0.004148230088495576	0.0	0.02820796460176991	0.0	0.006084070796460177	0.024059734513274336	0.023230088495575223	0.00165929203539823	0.00497787610619469	0.02654867256637168	0.0055309734513274336	0.000829646017699115	0.0005530973451327434	0.016592920353982302	0.05060840707964602	0.0002765486725663717	0.008296460176991151
0.024889380530973452	0.03622787610619469	0.0011061946902654867	0.006084070796460177	0.03733407079646018	0.037887168141592924	0.000829646017699115	0.008296460176991151	0.0	0.01825221238938053	0.0	0.004701327433628319	0.06277654867256637	0.07605088495575221	0.0011061946902654867	0.010508849557522125	0.023783185840707963	0.023783185840707963	0.000829646017699115	0.003595132743362832	0.02627212389380531	0.020464601769911505	0.000829646017699115	0.005254424778761062	0.00663716814159292	0.009126106194690266	0.0005530973451327434	0.0013827433628318584	0.07632743362831858	0.053373893805309734	0.00165929203539823	0.017699115044247787	0.023230088495575223	0.015763274336283186	0.0011061946902654867	0.00165929203539823	0.029037610619469027	0.030420353982300884	0.0002765486725663717	0.006360619469026549	0.019081858407079644	0.027101769911504425	0.000829646017699115	0.006360619469026549	0.01991150442477876	0.020464601769911505	0.0002765486725663717	0.00331858407079646	0.0	0.027931415929203538	0.0	0.006360619469026549	0.024059734513274336	0.023230088495575223	0.00165929203539823	0.00497787610619469	0.026825221238938053	0.0055309734513274336	0.0005530973451327434	0.0005530973451327434	0.01631637168141593	0.05143805309734513	0.0002765486725663717	0.007466814159292036
0.025165929203539824	0.03567477876106195	0.000829646017699115	0.00663716814159292	0.036780973451327435	0.03733407079646018	0.0011061946902654867	0.009126106194690266	0.0	0.019081858407079644	0.0	0.0038716814159292035	0.06139380530973451	0.07632743362831858	0.002488938053097345	0.010232300884955753	0.023783185840707963	0.023783185840707963	0.000829646017699115	0.003595132743362832	0.02654867256637168	0.020741150442477877	0.0005530973451327434	0.00497787610619469	0.006913716814159292	0.009679203539823008	0.0	0.0011061946902654867	0.07660398230088496	0.05530973451327434	0.00165929203539823	0.016039823008849558	0.023230088495575223	0.015763274336283186	0.0011061946902654867	0.00165929203539823	0.02820796460176991	0.03014380530973451	0.000829646017699115	0.006913716814159292	0.018528761061946904	0.027378318584070797	0.0013827433628318584	0.006084070796460177	0.01991150442477876	0.020741150442477877	0.0002765486725663717	0.0030420353982300885	0.0	0.027931415929203538	0.0	0.006360619469026549	0.024336283185840708	0.023230088495575223	0.00165929203539823	0.004701327433628319	0.027101769911504425	0.0055309734513274336	0.0002765486725663717	0.0005530973451327434	0.016039823008849558	0.05088495575221239	0.0	0.008019911504424779
0.025165929203539824	0.03622787610619469	0.000829646017699115	0.006084070796460177	0.03622787610619469	0.037887168141592924	0.00165929203539823	0.008573008849557522	0.0	0.019081858407079644	0.0	0.0038716814159292035	0.060564159292035395	0.07660398230088496	0.00331858407079646	0.00995575221238938	0.02350663716814159	0.023230088495575223	0.0011061946902654867	0.004148230088495576	0.02627212389380531	0.020188053097345133	0.0005530973451327434	0.005807522123893806	0.006913716814159292	0.009679203539823008	0.0	0.0011061946902654867	0.07660398230088496	0.05641592920353982	0.0027654867256637168	0.015210176991150442	0.02350663716814159	0.015763274336283186	0.000829646017699115	0.00165929203539823	0.028761061946902654	0.030420353982300884	0.0002765486725663717	0.00663716814159292	0.01963495575221239	0.02765486725663717	0.000829646017699115	0.005254424778761062	0.01963495575221239	0.020188053097345133	0.000829646017699115	0.00331858407079646	0.0	0.028484513274336282	0.0	0.005807522123893806	0.024059734513274336	0.02295353982300885	0.0019358407079646017	0.00497787610619469	0.02654867256637168	0.005254424778761062	0.000829646017699115	0.000829646017699115	0.014380530973451327	0.051161504424778764	0.0002765486725663717	0.007743362831858407
0.025165929203539824	0.035398230088495575	0.000829646017699115	0.006913716814159292	0.03595132743362832	0.03733407079646018	0.0022123893805309734	0.008849557522123894	0.0	0.018805309734513276	0.0	0.004148230088495576	0.06028761061946902	0.07632743362831858	0.003595132743362832	0.010232300884955753	0.02350663716814159	0.023230088495575223	0.0011061946902654867	0.004148230088495576	0.025995575221238937	0.020741150442477877	0.0011061946902654867	0.00497787610619469	0.00663716814159292	0.009402654867256638	0.0002765486725663717	0.0013827433628318584	0.07632743362831858	0.05724557522123894	0.0030420353982300885	0.014103982300884955	0.023230088495575223	0.015763274336283186	0.0011061946902654867	0.00165929203539823	0.028761061946902654	0.030696902654867256	0.0005530973451327434	0.006084070796460177	0.019358407079646017	0.027931415929203538	0.0011061946902654867	0.00497787610619469	0.01991150442477876	0.020741150442477877	0.0005530973451327434	0.0027654867256637168	0.0	0.02820796460176991	0.0	0.006084070796460177	0.023783185840707963	0.02295353982300885	0.0022123893805309734	0.00497787610619469	0.027101769911504425	0.00497787610619469	0.0002765486725663717	0.0011061946902654867	0.014933628318584071	0.05060840707964602	0.0	0.008296460176991151
0.024336283185840708	0.03567477876106195	0.00165929203539823	0.00663716814159292	0.036780973451327435	0.03705752212389381	0.0019358407079646017	0.008573008849557522	0.0	0.019081858407079644	0.0	0.0038716814159292035	0.06001106194690266	0.07660398230088496	0.0038716814159292035	0.00995575221238938	0.023230088495575223	0.02350663716814159	0.0013827433628318584	0.0038716814159292035	0.02654867256637168	0.020741150442477877	0.0005530973451327434	0.00497787610619469	0.006360619469026549	0.009402654867256638	0.0005530973451327434	0.0013827433628318584	0.07383849557522124	0.0586283185840708	0.00331858407079646	0.01327433628318584	0.023783185840707963	0.016039823008849558	0.0005530973451327434	0.0013827433628318584	0.028484513274336282	0.03152654867256637	0.0005530973451327434	0.0055309734513274336	0.019358407079646017	0.027931415929203538	0.0011061946902654867	0.00497787610619469	0.01991150442477876	0.020741150442477877	0.0002765486725663717	0.0030420353982300885	0.0	0.028484513274336282	0.0	0.005807522123893806	0.02350663716814159	0.023230088495575223	0.0022123893805309734	0.00497787610619469	0.027378318584070797	0.00497787610619469	0.0	0.0011061946902654867	0.016592920353982302	0.05033185840707965	0.0	0.008573008849557522
0.024889380530973452	0.035398230088495575	0.0011061946902654867	0.006913716814159292	0.03705752212389381	0.03705752212389381	0.0019358407079646017	0.008296460176991151	0.0	0.018805309734513276	0.0	0.004148230088495576	0.06084070796460177	0.07660398230088496	0.0030420353982300885	0.00995575221238938	0.023230088495575223	0.024059734513274336	0.0013827433628318584	0.00331858407079646	0.02654867256637168	0.02101769911504425	0.0013827433628318584	0.0038716814159292035	0.006913716814159292	0.009402654867256638	0.0	0.0013827433628318584	0.07439159292035398	0.05779867256637168	0.004424778761061947	0.014380530973451327	0.023783185840707963	0.015763274336283186	0.0005530973451327434	0.00165929203539823	0.027931415929203538	0.032079646017699116	0.000829646017699115	0.005254424778761062	0.01991150442477876	0.028761061946902654	0.0002765486725663717	0.004424778761061947	0.020741150442477877	0.020188053097345133	0.0	0.0030420353982300885	0.0	0.028484513274336282	0.0	0.005807522123893806	0.023783185840707963	0.023783185840707963	0.00165929203539823	0.004701327433628319	0.027101769911504425	0.00497787610619469	0.0002765486725663717	0.0011061946902654867	0.014380530973451327	0.050055309734513276	0.0002765486725663717	0.008849557522123894
0.025165929203539824	0.035398230088495575	0.000829646017699115	0.006913716814159292	0.03650442477876106	0.03733407079646018	0.002488938053097345	0.008019911504424779	0.0	0.01825221238938053	0.0	0.004701327433628319	0.06028761061946902	0.07549778761061947	0.003595132743362832	0.011061946902654867	0.023230088495575223	0.024059734513274336	0.0013827433628318584	0.00331858407079646	0.02627212389380531	0.021294247787610618	0.00165929203539823	0.003595132743362832	0.006913716814159292	0.009402654867256638	0.0	0.0013827433628318584	0.07356194690265487	0.059457964601769914	0.0038716814159292035	0.013827433628318585	0.02350663716814159	0.015486725663716814	0.000829646017699115	0.0019358407079646017	0.027931415929203538	0.032079646017699116	0.000829646017699115	0.005254424778761062	0.019081858407079644	0.0293141592920354	0.0002765486725663717	0.004701327433628319	0.020741150442477877	0.020188053097345133	0.0	0.0030420353982300885	0.0	0.02959070796460177	0.0	0.004701327433628319	0.024336283185840708	0.024059734513274336	0.0011061946902654867	0.004424778761061947	0.02627212389380531	0.005254424778761062	0.0011061946902654867	0.000829646017699115	0.0146570796460177	0.04950221238938053	0.0002765486725663717	0.009402654867256638
0.025165929203539824	0.0351216814159292	0.000829646017699115	0.007190265486725664	0.03705752212389381	0.03650442477876106	0.0019358407079646017	0.008849557522123894	0.0	0.01797566371681416	0.0	0.00497787610619469	0.06001106194690266	0.0752212389380531	0.0038716814159292035	0.01133849557522124	0.02267699115044248	0.024336283185840708	0.0019358407079646017	0.0030420353982300885	0.02627212389380531	0.021847345132743362	0.0019358407079646017	0.0027654867256637168	0.006913716814159292	0.00995575221238938	0.0	0.000829646017699115	0.07605088495575221	0.059734513274336286	0.00331858407079646	0.012997787610619468	0.023230088495575223	0.015210176991150442	0.0011061946902654867	0.0022123893805309734	0.027378318584070797	0.03235619469026549	0.000829646017699115	0.0055309734513274336	0.01825221238938053	0.0293141592920354	0.0005530973451327434	0.005254424778761062	0.020188053097345133	0.020464601769911505	0.0002765486725663717	0.0030420353982300885	0.0	0.029037610619469027	0.0	0.005254424778761062	0.024336283185840708	0.024059734513274336	0.000829646017699115	0.004701327433628319	0.025995575221238937	0.00497787610619469	0.0013827433628318584	0.0011061946902654867	0.012997787610619468	0.049778761061946904	0.0005530973451327434	0.009126106194690266
0.025442477876106196	0.0351216814159292	0.0005530973451327434	0.007190265486725664	0.03733407079646018	0.036780973451327435	0.0019358407079646017	0.008296460176991151	0.0	0.017699115044247787	0.0	0.005254424778761062	0.06001106194690266	0.07494469026548672	0.0038716814159292035	0.011615044247787611	0.023230088495575223	0.02461283185840708	0.0013827433628318584	0.0027654867256637168	0.026825221238938053	0.021294247787610618	0.0013827433628318584	0.00331858407079646	0.00663716814159292	0.00995575221238938	0.0002765486725663717	0.000829646017699115	0.07577433628318585	0.06084070796460177	0.00331858407079646	0.012168141592920354	0.022400442477876106	0.014933628318584071	0.0019358407079646017	0.002488938053097345	0.027101769911504425	0.031803097345132744	0.000829646017699115	0.006360619469026549	0.017699115044247787	0.0293141592920354	0.000829646017699115	0.0055309734513274336	0.01963495575221239	0.020464601769911505	0.000829646017699115	0.0030420353982300885	0.0	0.0293141592920354	0.0	0.00497787610619469	0.023230088495575223	0.024336283185840708	0.0013827433628318584	0.00497787610619469	0.02654867256637168	0.005254424778761062	0.000829646017699115	0.000829646017699115	0.012997787610619468	0.049778761061946904	0.0005530973451327434	0.009126106194690266
0.025165929203539824	0.034292035398230086	0.000829646017699115	0.008019911504424779	0.036780973451327435	0.037887168141592924	0.0022123893805309734	0.007466814159292036	0.0	0.01825221238938053	0.0	0.004701327433628319	0.060564159292035395	0.07383849557522124	0.00331858407079646	0.012721238938053098	0.02295353982300885	0.024336283185840708	0.00165929203539823	0.0030420353982300885	0.025995575221238937	0.02101769911504425	0.0022123893805309734	0.003595132743362832	0.00663716814159292	0.010508849557522125	0.0002765486725663717	0.0002765486725663717	0.07494469026548672	0.06139380530973451	0.0030420353982300885	0.011891592920353982	0.02267699115044248	0.015210176991150442	0.00165929203539823	0.0022123893805309734	0.026825221238938053	0.03235619469026549	0.0011061946902654867	0.005807522123893806	0.017422566371681415	0.02959070796460177	0.000829646017699115	0.0055309734513274336	0.019081858407079644	0.020464601769911505	0.0011061946902654867	0.00331858407079646	0.0	0.028761061946902654	0.0	0.0055309734513274336	0.023783185840707963	0.024336283185840708	0.0005530973451327434	0.005254424778761062	0.02627212389380531	0.005254424778761062	0.0011061946902654867	0.000829646017699115	0.013827433628318585	0.04950221238938053	0.0005530973451327434	0.009402654867256638
0.024889380530973452	0.03346238938053098	0.0011061946902654867	0.008849557522123894	0.03705752212389381	0.03816371681415929	0.0022123893805309734	0.006913716814159292	0.0	0.017699115044247787	0.0	0.005254424778761062	0.060564159292035395	0.07439159292035398	0.00331858407079646	0.012168141592920354	0.02295353982300885	0.024059734513274336	0.00165929203539823	0.00331858407079646	0.026825221238938053	0.020741150442477877	0.0013827433628318584	0.0038716814159292035	0.006084070796460177	0.010785398230088495	0.000829646017699115	0.0	0.07356194690265487	0.061946902654867256	0.002488938053097345	0.011615044247787611	0.02350663716814159	0.015210176991150442	0.000829646017699115	0.0022123893805309734	0.025995575221238937	0.03263274336283186	0.0019358407079646017	0.0055309734513274336	0.017146017699115043	0.02959070796460177	0.000829646017699115	0.005807522123893806	0.01963495575221239	0.019081858407079644	0.000829646017699115	0.004424778761061947	0.0	0.028484513274336282	0.0	0.005807522123893806	0.023230088495575223	0.02461283185840708	0.000829646017699115	0.005254424778761062	0.02654867256637168	0.005254424778761062	0.000829646017699115	0.000829646017699115	0.015486725663716814	0.04811946902654867	0.0005530973451327434	0.010785398230088495
0.025165929203539824	0.03346238938053098	0.000829646017699115	0.008849557522123894	0.036780973451327435	0.037887168141592924	0.0022123893805309734	0.007466814159292036	0.0	0.01797566371681416	0.0	0.00497787610619469	0.06084070796460177	0.07328539823008849	0.0030420353982300885	0.01327433628318584	0.02350663716814159	0.024059734513274336	0.0011061946902654867	0.00331858407079646	0.025995575221238937	0.02101769911504425	0.0022123893805309734	0.003595132743362832	0.005807522123893806	0.010785398230088495	0.0011061946902654867	0.0	0.07273230088495575	0.06139380530973451	0.00165929203539823	0.012997787610619468	0.024059734513274336	0.015210176991150442	0.0002765486725663717	0.0022123893805309734	0.02654867256637168	0.03263274336283186	0.0013827433628318584	0.0055309734513274336	0.017422566371681415	0.0293141592920354	0.000829646017699115	0.005807522123893806	0.01963495575221239	0.019358407079646017	0.000829646017699115	0.004148230088495576	0.0	0.028761061946902654	0.0	0.0055309734513274336	0.02350663716814159	0.025995575221238937	0.0005530973451327434	0.0038716814159292035	0.027101769911504425	0.005254424778761062	0.0002765486725663717	0.000829646017699115	0.015763274336283186	0.04839601769911504	0.0011061946902654867	0.010508849557522125
0.024889380530973452	0.03373893805309734	0.0011061946902654867	0.008573008849557522	0.03650442477876106	0.03761061946902655	0.0030420353982300885	0.007190265486725664	0.0	0.01797566371681416	0.0	0.00497787610619469	0.060564159292035395	0.07190265486725664	0.00331858407079646	0.0146570796460177	0.024059734513274336	0.02461283185840708	0.0005530973451327434	0.0027654867256637168	0.02654867256637168	0.02101769911504425	0.00165929203539823	0.003595132743362832	0.005807522123893806	0.010785398230088495	0.0011061946902654867	0.0	0.07190265486725664	0.06028761061946902	0.0022123893805309734	0.014103982300884955	0.02350663716814159	0.015763274336283186	0.000829646017699115	0.00165929203539823	0.026825221238938053	0.033185840707964605	0.000829646017699115	0.005254424778761062	0.017422566371681415	0.029037610619469027	0.0011061946902654867	0.005807522123893806	0.019358407079646017	0.01963495575221239	0.0011061946902654867	0.0038716814159292035	0.0	0.028484513274336282	0.0	0.005807522123893806	0.02350663716814159	0.02654867256637168	0.0005530973451327434	0.00331858407079646	0.02654867256637168	0.005254424778761062	0.000829646017699115	0.000829646017699115	0.01631637168141593	0.048672566371681415	0.000829646017699115	0.010232300884955753
0.024889380530973452	0.034015486725663714	0.0011061946902654867	0.008296460176991151	0.03622787610619469	0.03816371681415929	0.0027654867256637168	0.007190265486725664	0.0	0.01797566371681416	0.0	0.00497787610619469	0.060564159292035395	0.07328539823008849	0.00331858407079646	0.01327433628318584	0.023783185840707963	0.024889380530973452	0.000829646017699115	0.002488938053097345	0.02654867256637168	0.021294247787610618	0.00165929203539823	0.00331858407079646	0.006360619469026549	0.010508849557522125	0.0005530973451327434	0.0002765486725663717	0.07300884955752213	0.06028761061946902	0.0030420353982300885	0.013550884955752213	0.02350663716814159	0.015210176991150442	0.000829646017699115	0.0022123893805309734	0.02627212389380531	0.03346238938053098	0.0013827433628318584	0.00497787610619469	0.01797566371681416	0.028761061946902654	0.0005530973451327434	0.006084070796460177	0.019081858407079644	0.01963495575221239	0.0011061946902654867	0.004148230088495576	0.0	0.028761061946902654	0.0	0.0055309734513274336	0.023230088495575223	0.02654867256637168	0.000829646017699115	0.00331858407079646	0.02654867256637168	0.00497787610619469	0.000829646017699115	0.0011061946902654867	0.014933628318584071	0.048672566371681415	0.000829646017699115	0.010232300884955753
0.025442477876106196	0.034292035398230086	0.0005530973451327434	0.008019911504424779	0.03622787610619469	0.03816371681415929	0.0030420353982300885	0.006913716814159292	0.0	0.01797566371681416	0.0	0.00497787610619469	0.06084070796460177	0.07328539823008849	0.0030420353982300885	0.01327433628318584	0.024059734513274336	0.024889380530973452	0.0005530973451327434	0.002488938053097345	0.02654867256637168	0.021294247787610618	0.00165929203539823	0.00331858407079646	0.00663716814159292	0.010508849557522125	0.0002765486725663717	0.0002765486725663717	0.072179203539823	0.060564159292035395	0.00331858407079646	0.013827433628318585	0.02350663716814159	0.015210176991150442	0.000829646017699115	0.0022123893805309734	0.025719026548672565	0.033185840707964605	0.00165929203539823	0.0055309734513274336	0.01797566371681416	0.028484513274336282	0.0005530973451327434	0.006360619469026549	0.019081858407079644	0.019358407079646017	0.0013827433628318584	0.004148230088495576	0.0	0.027931415929203538	0.0	0.006360619469026549	0.023230088495575223	0.02627212389380531	0.000829646017699115	0.003595132743362832	0.027101769911504425	0.004701327433628319	0.0002765486725663717	0.0013827433628318584	0.0146570796460177	0.04922566371681416	0.0011061946902654867	0.009679203539823008
0.025442477876106196	0.034292035398230086	0.0005530973451327434	0.008019911504424779	0.03595132743362832	0.03871681415929203	0.0030420353982300885	0.00663716814159292	0.0	0.01825221238938053	0.0	0.004701327433628319	0.061670353982300884	0.07383849557522124	0.0022123893805309734	0.012721238938053098	0.024059734513274336	0.024889380530973452	0.0005530973451327434	0.002488938053097345	0.02654867256637168	0.02157079646017699	0.00165929203539823	0.0030420353982300885	0.00663716814159292	0.010232300884955753	0.0002765486725663717	0.0005530973451327434	0.07273230088495575	0.06084070796460177	0.002488938053097345	0.012997787610619468	0.023783185840707963	0.015210176991150442	0.0005530973451327434	0.0022123893805309734	0.025165929203539824	0.03235619469026549	0.0022123893805309734	0.006360619469026549	0.017699115044247787	0.02959070796460177	0.0005530973451327434	0.0055309734513274336	0.020188053097345133	0.019358407079646017	0.0005530973451327434	0.0038716814159292035	0.0	0.027931415929203538	0.0	0.006360619469026549	0.02295353982300885	0.02654867256637168	0.000829646017699115	0.003595132743362832	0.026825221238938053	0.004701327433628319	0.0005530973451327434	0.0013827433628318584	0.015486725663716814	0.04922566371681416	0.0011061946902654867	0.009679203539823008
0.024889380530973452	0.034292035398230086	0.0011061946902654867	0.008019911504424779	0.03567477876106195	0.03844026548672566	0.003595132743362832	0.00663716814159292	0.0	0.019081858407079644	0.0	0.0038716814159292035	0.06084070796460177	0.07356194690265487	0.0030420353982300885	0.012997787610619468	0.024059734513274336	0.024059734513274336	0.0005530973451327434	0.00331858407079646	0.02654867256637168	0.02157079646017699	0.00165929203539823	0.0030420353982300885	0.00663716814159292	0.010508849557522125	0.0	0.0005530973451327434	0.0713495575221239	0.060564159292035395	0.0027654867256637168	0.012997787610619468	0.02295353982300885	0.015210176991150442	0.0013827433628318584	0.0022123893805309734	0.024889380530973452	0.03235619469026549	0.002488938053097345	0.006360619469026549	0.01797566371681416	0.02959070796460177	0.0005530973451327434	0.005254424778761062	0.020188053097345133	0.01991150442477876	0.0002765486725663717	0.003595132743362832	0.0	0.02820796460176991	0.0	0.006084070796460177	0.02295353982300885	0.026825221238938053	0.0002765486725663717	0.0038716814159292035	0.027378318584070797	0.004424778761061947	0.0	0.00165929203539823	0.017422566371681415	0.050055309734513276	0.0005530973451327434	0.008849557522123894
0.025442477876106196	0.034292035398230086	0.0005530973451327434	0.008019911504424779	0.03595132743362832	0.03871681415929203	0.00331858407079646	0.006360619469026549	0.0	0.019081858407079644	0.0	0.0038716814159292035	0.061670353982300884	0.07300884955752213	0.0022123893805309734	0.013550884955752213	0.023783185840707963	0.02350663716814159	0.000829646017699115	0.0038716814159292035	0.027101769911504425	0.021847345132743362	0.0013827433628318584	0.002488938053097345	0.00663716814159292	0.010508849557522125	0.0	0.0005530973451327434	0.0713495575221239	0.059457964601769914	0.0027654867256637168	0.0146570796460177	0.022400442477876106	0.0146570796460177	0.0019358407079646017	0.0027654867256637168	0.025165929203539824	0.03263274336283186	0.0019358407079646017	0.006360619469026549	0.01825221238938053	0.02959070796460177	0.0002765486725663717	0.005254424778761062	0.01963495575221239	0.01963495575221239	0.000829646017699115	0.0038716814159292035	0.0	0.02820796460176991	0.0	0.006084070796460177	0.02350663716814159	0.026825221238938053	0.0002765486725663717	0.00331858407079646	0.02627212389380531	0.004148230088495576	0.0011061946902654867	0.0019358407079646017	0.01686946902654867	0.049778761061946904	0.0005530973451327434	0.009126106194690266
0.025719026548672565	0.034015486725663714	0.0002765486725663717	0.008296460176991151	0.03622787610619469	0.03844026548672566	0.0027654867256637168	0.006913716814159292	0.0	0.018805309734513276	0.0	0.004148230088495576	0.06139380530973451	0.07411504424778761	0.002488938053097345	0.012444690265486726	0.023783185840707963	0.02295353982300885	0.000829646017699115	0.004424778761061947	0.026825221238938053	0.021847345132743362	0.0011061946902654867	0.0030420353982300885	0.006084070796460177	0.010508849557522125	0.0002765486725663717	0.000829646017699115	0.072179203539823	0.059457964601769914	0.00331858407079646	0.014103982300884955	0.02267699115044248	0.0146570796460177	0.00165929203539823	0.0027654867256637168	0.025165929203539824	0.03263274336283186	0.00165929203539823	0.00663716814159292	0.01825221238938053	0.02959070796460177	0.0002765486725663717	0.005254424778761062	0.019358407079646017	0.019358407079646017	0.0011061946902654867	0.004148230088495576	0.0	0.02765486725663717	0.0	0.00663716814159292	0.023230088495575223	0.027101769911504425	0.0002765486725663717	0.00331858407079646	0.02627212389380531	0.004148230088495576	0.0011061946902654867	0.0019358407079646017	0.016039823008849558	0.048672566371681415	0.0005530973451327434	0.010232300884955753
0.025719026548672565	0.03346238938053098	0.0002765486725663717	0.008849557522123894	0.03650442477876106	0.03871681415929203	0.002488938053097345	0.00663716814159292	0.0	0.019081858407079644	0.0	0.0038716814159292035	0.06111725663716814	0.07494469026548672	0.0027654867256637168	0.011615044247787611	0.024059734513274336	0.02295353982300885	0.0005530973451327434	0.004424778761061947	0.027101769911504425	0.021847345132743362	0.000829646017699115	0.0030420353982300885	0.005807522123893806	0.010508849557522125	0.0005530973451327434	0.000829646017699115	0.07328539823008849	0.06028761061946902	0.002488938053097345	0.01327433628318584	0.02350663716814159	0.015210176991150442	0.000829646017699115	0.0022123893805309734	0.025719026548672565	0.03263274336283186	0.00165929203539823	0.006084070796460177	0.01797566371681416	0.029867256637168143	0.0	0.0055309734513274336	0.019081858407079644	0.01963495575221239	0.00165929203539823	0.003595132743362832	0.0	0.02765486725663717	0.0	0.00663716814159292	0.02295353982300885	0.026825221238938053	0.0005530973451327434	0.003595132743362832	0.02627212389380531	0.004424778761061947	0.0011061946902654867	0.00165929203539823	0.015486725663716814	0.04950221238938053	0.000829646017699115	0.009402654867256638
0.025719026548672565	0.03346238938053098	0.0002765486725663717	0.008849557522123894	0.03622787610619469	0.038993362831858405	0.0019358407079646017	0.007190265486725664	0.0	0.018805309734513276	0.0	0.004148230088495576	0.06139380530973451	0.07494469026548672	0.002488938053097345	0.011615044247787611	0.024059734513274336	0.02295353982300885	0.0005530973451327434	0.004424778761061947	0.027101769911504425	0.022123893805309734	0.000829646017699115	0.0027654867256637168	0.005807522123893806	0.010508849557522125	0.000829646017699115	0.0005530973451327434	0.07300884955752213	0.06001106194690266	0.002488938053097345	0.0146570796460177	0.02350663716814159	0.015486725663716814	0.000829646017699115	0.0019358407079646017	0.025442477876106196	0.033185840707964605	0.0011061946902654867	0.006360619469026549	0.01797566371681416	0.029867256637168143	0.0	0.0055309734513274336	0.019081858407079644	0.019358407079646017	0.00165929203539823	0.0038716814159292035	0.0	0.02820796460176991	0.0	0.006084070796460177	0.02350663716814159	0.02654867256637168	0.0002765486725663717	0.003595132743362832	0.025719026548672565	0.004424778761061947	0.00165929203539823	0.00165929203539823	0.015210176991150442	0.049778761061946904	0.0002765486725663717	0.009126106194690266
0.025442477876106196	0.033185840707964605	0.0005530973451327434	0.009126106194690266	0.03622787610619469	0.037887168141592924	0.0022123893805309734	0.008019911504424779	0.0	0.018528761061946904	0.0	0.004424778761061947	0.06139380530973451	0.07605088495575221	0.002488938053097345	0.010508849557522125	0.024059734513274336	0.022123893805309734	0.0005530973451327434	0.005254424778761062	0.027101769911504425	0.022123893805309734	0.000829646017699115	0.0027654867256637168	0.0055309734513274336	0.010508849557522125	0.0011061946902654867	0.0005530973451327434	0.07466814159292036	0.06084070796460177	0.0013827433628318584	0.014380530973451327	0.02350663716814159	0.014933628318584071	0.000829646017699115	0.002488938053097345	0.024889380530973452	0.03263274336283186	0.0013827433628318584	0.007190265486725664	0.017422566371681415	0.03014380530973451	0.0002765486725663717	0.0055309734513274336	0.018805309734513276	0.019081858407079644	0.00165929203539823	0.004424778761061947	0.0	0.027931415929203538	0.0	0.006360619469026549	0.02350663716814159	0.027101769911504425	0.0002765486725663717	0.0030420353982300885	0.025442477876106196	0.004424778761061947	0.0019358407079646017	0.00165929203539823	0.013827433628318585	0.049778761061946904	0.0005530973451327434	0.009126106194690266
0.024889380530973452	0.03290929203539823	0.0011061946902654867	0.009402654867256638	0.03650442477876106	0.037887168141592924	0.00165929203539823	0.008296460176991151	0.0	0.018528761061946904	0.0	0.004424778761061947	0.06139380530973451	0.0752212389380531	0.002488938053097345	0.01133849557522124	0.024059734513274336	0.02157079646017699	0.0005530973451327434	0.005807522123893806	0.02627212389380531	0.022400442477876106	0.0019358407079646017	0.0022123893805309734	0.005807522123893806	0.010232300884955753	0.000829646017699115	0.000829646017699115	0.07356194690265487	0.06111725663716814	0.0022123893805309734	0.0146570796460177	0.023783185840707963	0.0146570796460177	0.0005530973451327434	0.0027654867256637168	0.025719026548672565	0.03235619469026549	0.000829646017699115	0.007190265486725664	0.01686946902654867	0.029867256637168143	0.0005530973451327434	0.006084070796460177	0.019358407079646017	0.01963495575221239	0.000829646017699115	0.004148230088495576	0.0	0.028484513274336282	0.0	0.005807522123893806	0.02295353982300885	0.02627212389380531	0.0011061946902654867	0.003595132743362832	0.025442477876106196	0.004424778761061947	0.0019358407079646017	0.00165929203539823	0.013550884955752213	0.04922566371681416	0.0005530973451327434	0.009679203539823008
0.02461283185840708	0.03373893805309734	0.0013827433628318584	0.008573008849557522	0.03622787610619469	0.037887168141592924	0.0019358407079646017	0.008296460176991151	0.0	0.018528761061946904	0.0	0.004424778761061947	0.06139380530973451	0.07494469026548672	0.002488938053097345	0.011615044247787611	0.023783185840707963	0.021847345132743362	0.000829646017699115	0.0055309734513274336	0.026825221238938053	0.022123893805309734	0.0013827433628318584	0.002488938053097345	0.005807522123893806	0.010232300884955753	0.000829646017699115	0.000829646017699115	0.07356194690265487	0.06028761061946902	0.0022123893805309734	0.015486725663716814	0.023783185840707963	0.015763274336283186	0.0005530973451327434	0.00165929203539823	0.025995575221238937	0.03152654867256637	0.000829646017699115	0.007743362831858407	0.016592920353982302	0.02959070796460177	0.000829646017699115	0.006360619469026549	0.019081858407079644	0.020188053097345133	0.0005530973451327434	0.004148230088495576	0.0	0.028761061946902654	0.0	0.0055309734513274336	0.02267699115044248	0.02654867256637168	0.0011061946902654867	0.003595132743362832	0.025995575221238937	0.004148230088495576	0.0013827433628318584	0.0019358407079646017	0.013550884955752213	0.04839601769911504	0.0005530973451327434	0.010508849557522125
0.024889380530973452	0.03456858407079646	0.0011061946902654867	0.007743362831858407	0.03650442477876106	0.03761061946902655	0.00165929203539823	0.008573008849557522	0.0	0.018528761061946904	0.0	0.004424778761061947	0.06139380530973451	0.07439159292035398	0.002488938053097345	0.012168141592920354	0.02295353982300885	0.021847345132743362	0.00165929203539823	0.0055309734513274336	0.027101769911504425	0.022400442477876106	0.000829646017699115	0.002488938053097345	0.006360619469026549	0.010232300884955753	0.0005530973451327434	0.0005530973451327434	0.07383849557522124	0.06028761061946902	0.0027654867256637168	0.014933628318584071	0.024059734513274336	0.015763274336283186	0.0002765486725663717	0.00165929203539823	0.02627212389380531	0.030973451327433628	0.0005530973451327434	0.008296460176991151	0.016592920353982302	0.029867256637168143	0.0005530973451327434	0.006360619469026549	0.019081858407079644	0.020741150442477877	0.0005530973451327434	0.003595132743362832	0.0	0.028761061946902654	0.0	0.0055309734513274336	0.02295353982300885	0.025719026548672565	0.000829646017699115	0.004424778761061947	0.025442477876106196	0.004701327433628319	0.0019358407079646017	0.0013827433628318584	0.01327433628318584	0.0478429203539823	0.0005530973451327434	0.011061946902654867
0.025165929203539824	0.03456858407079646	0.000829646017699115	0.007743362831858407	0.036780973451327435	0.03844026548672566	0.00165929203539823	0.007466814159292036	0.0	0.01797566371681416	0.0	0.00497787610619469	0.06139380530973451	0.07328539823008849	0.002488938053097345	0.01327433628318584	0.02350663716814159	0.02157079646017699	0.0011061946902654867	0.005807522123893806	0.026825221238938053	0.02267699115044248	0.0011061946902654867	0.0022123893805309734	0.006360619469026549	0.00995575221238938	0.0005530973451327434	0.000829646017699115	0.07245575221238938	0.059734513274336286	0.00331858407079646	0.015763274336283186	0.023783185840707963	0.015763274336283186	0.0005530973451327434	0.00165929203539823	0.025995575221238937	0.030973451327433628	0.0011061946902654867	0.008019911504424779	0.01686946902654867	0.030420353982300884	0.0005530973451327434	0.0055309734513274336	0.019358407079646017	0.020464601769911505	0.0002765486725663717	0.0038716814159292035	0.0	0.028761061946902654	0.0	0.0055309734513274336	0.02295353982300885	0.024889380530973452	0.000829646017699115	0.005254424778761062	0.02461283185840708	0.004148230088495576	0.0027654867256637168	0.0019358407079646017	0.013827433628318585	0.04950221238938053	0.0005530973451327434	0.009402654867256638
0.025442477876106196	0.03346238938053098	0.0005530973451327434	0.008849557522123894	0.03650442477876106	0.03926991150442478	0.002488938053097345	0.006084070796460177	0.0	0.01825221238938053	0.0	0.004701327433628319	0.06139380530973451	0.07411504424778761	0.002488938053097345	0.012444690265486726	0.023230088495575223	0.021294247787610618	0.0013827433628318584	0.006084070796460177	0.027101769911504425	0.023230088495575223	0.000829646017699115	0.00165929203539823	0.00663716814159292	0.010232300884955753	0.0002765486725663717	0.0005530973451327434	0.06996681415929204	0.059734513274336286	0.0038716814159292035	0.016592920353982302	0.02350663716814159	0.015763274336283186	0.000829646017699115	0.00165929203539823	0.025995575221238937	0.030696902654867256	0.00165929203539823	0.007743362831858407	0.016592920353982302	0.030973451327433628	0.0005530973451327434	0.005254424778761062	0.019358407079646017	0.020188053097345133	0.0002765486725663717	0.004148230088495576	0.0	0.028761061946902654	0.0	0.0055309734513274336	0.02267699115044248	0.025442477876106196	0.000829646017699115	0.00497787610619469	0.025442477876106196	0.004148230088495576	0.0019358407079646017	0.0019358407079646017	0.0146570796460177	0.04950221238938053	0.000829646017699115	0.009402654867256638
0.025442477876106196	0.03263274336283186	0.0005530973451327434	0.009679203539823008	0.036780973451327435	0.040376106194690266	0.0019358407079646017	0.005254424778761062	0.0	0.018528761061946904	0.0	0.004424778761061947	0.06139380530973451	0.07356194690265487	0.002488938053097345	0.012997787610619468	0.023230088495575223	0.02101769911504425	0.0013827433628318584	0.006360619469026549	0.02765486725663717	0.02295353982300885	0.0002765486725663717	0.0019358407079646017	0.00663716814159292	0.010232300884955753	0.0002765486725663717	0.0005530973451327434	0.06996681415929204	0.061670353982300884	0.003595132743362832	0.014380530973451327	0.023783185840707963	0.015210176991150442	0.0005530973451327434	0.0022123893805309734	0.025719026548672565	0.030696902654867256	0.00165929203539823	0.008019911504424779	0.01631637168141593	0.03125	0.0005530973451327434	0.005254424778761062	0.019358407079646017	0.020741150442477877	0.0002765486725663717	0.003595132743362832	0.0	0.029037610619469027	0.0	0.005254424778761062	0.022123893805309734	0.025719026548672565	0.0013827433628318584	0.004701327433628319	0.025442477876106196	0.004148230088495576	0.0019358407079646017	0.0019358407079646017	0.015763274336283186	0.04894911504424779	0.0002765486725663717	0.00995575221238938
0.025165929203539824	0.03235619469026549	0.000829646017699115	0.00995575221238938	0.036780973451327435	0.040376106194690266	0.0013827433628318584	0.005807522123893806	0.0	0.019081858407079644	0.0	0.0038716814159292035	0.06222345132743363	0.07383849557522124	0.00165929203539823	0.012721238938053098	0.02295353982300885	0.020464601769911505	0.00165929203539823	0.006913716814159292	0.027931415929203538	0.022400442477876106	0.0002765486725663717	0.0022123893805309734	0.00663716814159292	0.010232300884955753	0.0002765486725663717	0.0005530973451327434	0.0713495575221239	0.06139380530973451	0.00331858407079646	0.014103982300884955	0.02350663716814159	0.014933628318584071	0.000829646017699115	0.002488938053097345	0.02627212389380531	0.030420353982300884	0.0013827433628318584	0.008019911504424779	0.016039823008849558	0.03152654867256637	0.0005530973451327434	0.005254424778761062	0.019081858407079644	0.020741150442477877	0.0002765486725663717	0.0038716814159292035	0.0	0.029037610619469027	0.0	0.005254424778761062	0.022400442477876106	0.02461283185840708	0.0011061946902654867	0.005807522123893806	0.025165929203539824	0.004424778761061947	0.0022123893805309734	0.00165929203539823	0.014933628318584071	0.048672566371681415	0.0005530973451327434	0.010232300884955753
0.024889380530973452	0.03290929203539823	0.0011061946902654867	0.009402654867256638	0.03705752212389381	0.03982300884955752	0.0013827433628318584	0.006084070796460177	0.0	0.018528761061946904	0.0	0.004424778761061947	0.061946902654867256	0.07328539823008849	0.0019358407079646017	0.01327433628318584	0.02295353982300885	0.02101769911504425	0.00165929203539823	0.006360619469026549	0.027378318584070797	0.02267699115044248	0.000829646017699115	0.0019358407079646017	0.006913716814159292	0.010232300884955753	0.0002765486725663717	0.0002765486725663717	0.07328539823008849	0.061946902654867256	0.0030420353982300885	0.013827433628318585	0.023230088495575223	0.0146570796460177	0.0011061946902654867	0.0027654867256637168	0.026825221238938053	0.030973451327433628	0.000829646017699115	0.007466814159292036	0.01631637168141593	0.03125	0.0002765486725663717	0.0055309734513274336	0.01825221238938053	0.020188053097345133	0.000829646017699115	0.004701327433628319	0.0	0.029037610619469027	0.0	0.005254424778761062	0.022400442477876106	0.02461283185840708	0.0011061946902654867	0.005807522123893806	0.025995575221238937	0.004424778761061947	0.0013827433628318584	0.00165929203539823	0.01327433628318584	0.04839601769911504	0.0002765486725663717	0.010508849557522125
0.024336283185840708	0.03290929203539823	0.00165929203539823	0.009402654867256638	0.03705752212389381	0.03926991150442478	0.00165929203539823	0.006360619469026549	0.0	0.018528761061946904	0.0	0.004424778761061947	0.0625	0.07245575221238938	0.0013827433628318584	0.014103982300884955	0.02267699115044248	0.02101769911504425	0.0019358407079646017	0.006360619469026549	0.027378318584070797	0.02267699115044248	0.0002765486725663717	0.002488938053097345	0.006913716814159292	0.010232300884955753	0.0002765486725663717	0.0002765486725663717	0.07300884955752213	0.06277654867256637	0.00331858407079646	0.012997787610619468	0.02350663716814159	0.014933628318584071	0.000829646017699115	0.002488938053097345	0.025719026548672565	0.032079646017699116	0.00165929203539823	0.00663716814159292	0.016039823008849558	0.030696902654867256	0.0002765486725663717	0.006360619469026549	0.018528761061946904	0.020741150442477877	0.0005530973451327434	0.004148230088495576	0.0	0.029037610619469027	0.0	0.005254424778761062	0.022123893805309734	0.025995575221238937	0.0013827433628318584	0.004424778761061947	0.02627212389380531	0.004424778761061947	0.0011061946902654867	0.00165929203539823	0.01327433628318584	0.04894911504424779	0.0002765486725663717	0.00995575221238938
0.024336283185840708	0.034015486725663714	0.00165929203539823	0.008296460176991151	0.03595132743362832	0.03954646017699115	0.0022123893805309734	0.00663716814159292	0.0	0.019081858407079644	0.0	0.0038716814159292035	0.06222345132743363	0.07300884955752213	0.00165929203539823	0.013550884955752213	0.023783185840707963	0.020741150442477877	0.000829646017699115	0.00663716814159292	0.027101769911504425	0.022123893805309734	0.0005530973451327434	0.0030420353982300885	0.007190265486725664	0.00995575221238938	0.0	0.0005530973451327434	0.0713495575221239	0.0625	0.004424778761061947	0.012721238938053098	0.023783185840707963	0.014933628318584071	0.0005530973451327434	0.002488938053097345	0.02627212389380531	0.030973451327433628	0.0013827433628318584	0.007466814159292036	0.01631637168141593	0.03125	0.0002765486725663717	0.0055309734513274336	0.018805309734513276	0.020741150442477877	0.0005530973451327434	0.0038716814159292035	0.0	0.028761061946902654	0.0	0.0055309734513274336	0.022123893805309734	0.025165929203539824	0.0013827433628318584	0.005254424778761062	0.02627212389380531	0.00497787610619469	0.0011061946902654867	0.0011061946902654867	0.0146570796460177	0.04894911504424779	0.0	0.00995575221238938
0.024059734513274336	0.033185840707964605	0.0019358407079646017	0.009126106194690266	0.03622787610619469	0.03926991150442478	0.0013827433628318584	0.007466814159292036	0.0	0.019081858407079644	0.0	0.0038716814159292035	0.06332964601769911	0.07328539823008849	0.0005530973451327434	0.01327433628318584	0.024059734513274336	0.021294247787610618	0.0005530973451327434	0.006084070796460177	0.027101769911504425	0.021847345132743362	0.0005530973451327434	0.00331858407079646	0.007190265486725664	0.00995575221238938	0.0	0.0005530973451327434	0.07079646017699115	0.06332964601769911	0.004148230088495576	0.012168141592920354	0.024059734513274336	0.015210176991150442	0.0002765486725663717	0.0022123893805309734	0.026825221238938053	0.03125	0.000829646017699115	0.007190265486725664	0.016039823008849558	0.03125	0.0005530973451327434	0.0055309734513274336	0.018528761061946904	0.020188053097345133	0.000829646017699115	0.004424778761061947	0.0	0.029037610619469027	0.0	0.005254424778761062	0.02267699115044248	0.025165929203539824	0.000829646017699115	0.005254424778761062	0.025995575221238937	0.005254424778761062	0.0013827433628318584	0.000829646017699115	0.014933628318584071	0.048672566371681415	0.0002765486725663717	0.010232300884955753
0.024059734513274336	0.03346238938053098	0.0019358407079646017	0.008849557522123894	0.03650442477876106	0.03982300884955752	0.0011061946902654867	0.006913716814159292	0.0	0.018805309734513276	0.0	0.004148230088495576	0.06305309734513274	0.07411504424778761	0.000829646017699115	0.012444690265486726	0.024336283185840708	0.021294247787610618	0.0002765486725663717	0.006084070796460177	0.026825221238938053	0.021847345132743362	0.0002765486725663717	0.0038716814159292035	0.007190265486725664	0.00995575221238938	0.0	0.0005530973451327434	0.0694137168141593	0.06471238938053098	0.004148230088495576	0.011615044247787611	0.024059734513274336	0.015210176991150442	0.0002765486725663717	0.0022123893805309734	0.026825221238938053	0.030973451327433628	0.000829646017699115	0.007466814159292036	0.016039823008849558	0.03152654867256637	0.0005530973451327434	0.005254424778761062	0.01825221238938053	0.020741150442477877	0.000829646017699115	0.004148230088495576	0.0	0.028484513274336282	0.0	0.005807522123893806	0.021847345132743362	0.02627212389380531	0.0013827433628318584	0.004424778761061947	0.02654867256637168	0.005254424778761062	0.000829646017699115	0.000829646017699115	0.015486725663716814	0.04922566371681416	0.0002765486725663717	0.009679203539823008
0.02350663716814159	0.03373893805309734	0.002488938053097345	0.008573008849557522	0.03622787610619469	0.040376106194690266	0.0011061946902654867	0.00663716814159292	0.0	0.018805309734513276	0.0	0.004148230088495576	0.06305309734513274	0.07466814159292036	0.000829646017699115	0.011891592920353982	0.02461283185840708	0.022123893805309734	0.0	0.005254424778761062	0.02627212389380531	0.021847345132743362	0.0002765486725663717	0.004424778761061947	0.007190265486725664	0.00995575221238938	0.0	0.0005530973451327434	0.06969026548672566	0.06609513274336283	0.003595132743362832	0.011061946902654867	0.024059734513274336	0.015486725663716814	0.0002765486725663717	0.0019358407079646017	0.025995575221238937	0.030696902654867256	0.0019358407079646017	0.007466814159292036	0.01631637168141593	0.03152654867256637	0.0002765486725663717	0.005254424778761062	0.01797566371681416	0.020464601769911505	0.0011061946902654867	0.004424778761061947	0.0	0.029037610619469027	0.0	0.005254424778761062	0.02157079646017699	0.02627212389380531	0.0013827433628318584	0.004701327433628319	0.025719026548672565	0.005254424778761062	0.00165929203539823	0.000829646017699115	0.014103982300884955	0.04894911504424779	0.0011061946902654867	0.00995575221238938
0.023783185840707963	0.034015486725663714	0.0022123893805309734	0.008296460176991151	0.03733407079646018	0.03954646017699115	0.0005530973451327434	0.006913716814159292	0.0	0.019081858407079644	0.0	0.0038716814159292035	0.06277654867256637	0.07411504424778761	0.0011061946902654867	0.012444690265486726	0.024059734513274336	0.022400442477876106	0.0005530973451327434	0.00497787610619469	0.02654867256637168	0.021847345132743362	0.0002765486725663717	0.004148230088495576	0.007190265486725664	0.00995575221238938	0.0	0.0005530973451327434	0.06996681415929204	0.06664823008849557	0.002488938053097345	0.011061946902654867	0.024336283185840708	0.0146570796460177	0.0	0.0027654867256637168	0.025995575221238937	0.030696902654867256	0.0022123893805309734	0.007190265486725664	0.015763274336283186	0.032079646017699116	0.000829646017699115	0.004701327433628319	0.01797566371681416	0.02101769911504425	0.0011061946902654867	0.0038716814159292035	0.0	0.029037610619469027	0.0	0.005254424778761062	0.022123893805309734	0.02627212389380531	0.0005530973451327434	0.00497787610619469	0.025719026548672565	0.005254424778761062	0.00165929203539823	0.000829646017699115	0.014103982300884955	0.04839601769911504	0.0013827433628318584	0.010508849557522125
0.023783185840707963	0.0351216814159292	0.0022123893805309734	0.007190265486725664	0.03705752212389381	0.03954646017699115	0.000829646017699115	0.006913716814159292	0.0	0.019358407079646017	0.0	0.003595132743362832	0.06277654867256637	0.07466814159292036	0.0011061946902654867	0.011891592920353982	0.02461283185840708	0.022123893805309734	0.0	0.005254424778761062	0.02627212389380531	0.022123893805309734	0.0005530973451327434	0.0038716814159292035	0.006913716814159292	0.00995575221238938	0.0002765486725663717	0.0005530973451327434	0.0702433628318584	0.06637168141592921	0.00165929203539823	0.01133849557522124	0.024336283185840708	0.0146570796460177	0.0	0.0027654867256637168	0.02627212389380531	0.030973451327433628	0.0019358407079646017	0.006913716814159292	0.015486725663716814	0.032079646017699116	0.0011061946902654867	0.004701327433628319	0.018805309734513276	0.021294247787610618	0.0005530973451327434	0.00331858407079646	0.0	0.029037610619469027	0.0	0.005254424778761062	0.022123893805309734	0.025719026548672565	0.0005530973451327434	0.0055309734513274336	0.025442477876106196	0.005807522123893806	0.0019358407079646017	0.0002765486725663717	0.0146570796460177	0.04922566371681416	0.0013827433628318584	0.009679203539823008
0.024059734513274336	0.035398230088495575	0.0019358407079646017	0.006913716814159292	0.03705752212389381	0.03982300884955752	0.000829646017699115	0.00663716814159292	0.0	0.01991150442477876	0.0	0.0030420353982300885	0.0625	0.07466814159292036	0.0013827433628318584	0.011891592920353982	0.024336283185840708	0.021847345132743362	0.0002765486725663717	0.0055309734513274336	0.025719026548672565	0.02267699115044248	0.0005530973451327434	0.0038716814159292035	0.006913716814159292	0.009679203539823008	0.0002765486725663717	0.000829646017699115	0.07051991150442478	0.06554203539823009	0.0013827433628318584	0.012168141592920354	0.02350663716814159	0.0146570796460177	0.000829646017699115	0.0027654867256637168	0.02654867256637168	0.03125	0.0019358407079646017	0.006360619469026549	0.015486725663716814	0.031803097345132744	0.0011061946902654867	0.00497787610619469	0.019081858407079644	0.020741150442477877	0.0002765486725663717	0.0038716814159292035	0.0	0.029867256637168143	0.0	0.004424778761061947	0.021294247787610618	0.02627212389380531	0.0011061946902654867	0.005254424778761062	0.025719026548672565	0.005807522123893806	0.00165929203539823	0.0002765486725663717	0.0146570796460177	0.04894911504424779	0.0013827433628318584	0.00995575221238938
0.02350663716814159	0.035398230088495575	0.002488938053097345	0.006913716814159292	0.03650442477876106	0.03871681415929203	0.0013827433628318584	0.007743362831858407	0.0	0.01991150442477876	0.0	0.0030420353982300885	0.06305309734513274	0.0752212389380531	0.000829646017699115	0.01133849557522124	0.024059734513274336	0.022400442477876106	0.0005530973451327434	0.00497787610619469	0.025442477876106196	0.022400442477876106	0.000829646017699115	0.004148230088495576	0.00663716814159292	0.00995575221238938	0.0005530973451327434	0.0005530973451327434	0.07079646017699115	0.06554203539823009	0.0013827433628318584	0.012168141592920354	0.023230088495575223	0.014933628318584071	0.0011061946902654867	0.002488938053097345	0.027378318584070797	0.031803097345132744	0.000829646017699115	0.006084070796460177	0.015763274336283186	0.031803097345132744	0.000829646017699115	0.00497787610619469	0.018528761061946904	0.02101769911504425	0.000829646017699115	0.003595132743362832	0.0	0.029037610619469027	0.0	0.005254424778761062	0.020741150442477877	0.02627212389380531	0.0011061946902654867	0.005807522123893806	0.025995575221238937	0.005807522123893806	0.0013827433628318584	0.0002765486725663717	0.014380530973451327	0.050055309734513276	0.0013827433628318584	0.008849557522123894
0.022400442477876106	0.035398230088495575	0.003595132743362832	0.006913716814159292	0.03650442477876106	0.03954646017699115	0.0013827433628318584	0.006913716814159292	0.0	0.020464601769911505	0.0	0.002488938053097345	0.06222345132743363	0.07577433628318585	0.00165929203539823	0.010785398230088495	0.024336283185840708	0.02295353982300885	0.0002765486725663717	0.004424778761061947	0.025995575221238937	0.02267699115044248	0.0002765486725663717	0.0038716814159292035	0.006913716814159292	0.00995575221238938	0.0005530973451327434	0.0002765486725663717	0.07079646017699115	0.06526548672566372	0.00165929203539823	0.012721238938053098	0.023230088495575223	0.014933628318584071	0.0011061946902654867	0.002488938053097345	0.02627212389380531	0.03346238938053098	0.0013827433628318584	0.00497787610619469	0.015763274336283186	0.03152654867256637	0.0005530973451327434	0.0055309734513274336	0.01797566371681416	0.02101769911504425	0.000829646017699115	0.004148230088495576	0.0	0.029867256637168143	0.0	0.004424778761061947	0.020741150442477877	0.025995575221238937	0.0013827433628318584	0.005807522123893806	0.025995575221238937	0.005807522123893806	0.0013827433628318584	0.0002765486725663717	0.014380530973451327	0.050055309734513276	0.000829646017699115	0.008849557522123894
0.02350663716814159	0.03595132743362832	0.002488938053097345	0.006360619469026549	0.03622787610619469	0.03982300884955752	0.0013827433628318584	0.006913716814159292	0.0	0.020741150442477877	0.0	0.0022123893805309734	0.0625	0.07466814159292036	0.0013827433628318584	0.011891592920353982	0.024059734513274336	0.02295353982300885	0.0005530973451327434	0.004424778761061947	0.024059734513274336	0.023230088495575223	0.00165929203539823	0.0038716814159292035	0.007466814159292036	0.00995575221238938	0.0002765486725663717	0.0	0.07356194690265487	0.06554203539823009	0.0013827433628318584	0.011891592920353982	0.023230088495575223	0.015210176991150442	0.0011061946902654867	0.0022123893805309734	0.027101769911504425	0.03346238938053098	0.000829646017699115	0.004701327433628319	0.01631637168141593	0.032079646017699116	0.0002765486725663717	0.004701327433628319	0.01797566371681416	0.021294247787610618	0.0011061946902654867	0.003595132743362832	0.0	0.029867256637168143	0.0	0.004424778761061947	0.020464601769911505	0.027101769911504425	0.0013827433628318584	0.00497787610619469	0.02654867256637168	0.005807522123893806	0.000829646017699115	0.0002765486725663717	0.012721238938053098	0.04950221238938053	0.0005530973451327434	0.009402654867256638
0.024059734513274336	0.03567477876106195	0.0019358407079646017	0.00663716814159292	0.035398230088495575	0.040099557522123894	0.0019358407079646017	0.006913716814159292	0.0	0.020464601769911505	0.0	0.002488938053097345	0.0625	0.0752212389380531	0.0013827433628318584	0.01133849557522124	0.023783185840707963	0.023230088495575223	0.000829646017699115	0.004148230088495576	0.024336283185840708	0.023230088495575223	0.0013827433628318584	0.0038716814159292035	0.007466814159292036	0.00995575221238938	0.0002765486725663717	0.0	0.07411504424778761	0.06581858407079647	0.0013827433628318584	0.011615044247787611	0.023230088495575223	0.015210176991150442	0.0011061946902654867	0.0022123893805309734	0.026825221238938053	0.034015486725663714	0.0005530973451327434	0.004701327433628319	0.016592920353982302	0.031803097345132744	0.0002765486725663717	0.004701327433628319	0.01797566371681416	0.021847345132743362	0.000829646017699115	0.00331858407079646	0.0	0.029867256637168143	0.0	0.004424778761061947	0.020188053097345133	0.027931415929203538	0.00165929203539823	0.004148230088495576	0.02654867256637168	0.005807522123893806	0.000829646017699115	0.0002765486725663717	0.012168141592920354	0.04894911504424779	0.0005530973451327434	0.00995575221238938
0.023783185840707963	0.035398230088495575	0.0022123893805309734	0.006913716814159292	0.0351216814159292	0.04065265486725664	0.0013827433628318584	0.007190265486725664	0.0	0.020188053097345133	0.0	0.0027654867256637168	0.0625	0.07411504424778761	0.0013827433628318584	0.012444690265486726	0.02350663716814159	0.02350663716814159	0.0011061946902654867	0.0038716814159292035	0.025165929203539824	0.02295353982300885	0.000829646017699115	0.0038716814159292035	0.007743362831858407	0.009402654867256638	0.0	0.0005530973451327434	0.07411504424778761	0.06609513274336283	0.0022123893805309734	0.011615044247787611	0.023230088495575223	0.014933628318584071	0.0011061946902654867	0.002488938053097345	0.02627212389380531	0.034015486725663714	0.000829646017699115	0.00497787610619469	0.01631637168141593	0.032079646017699116	0.0002765486725663717	0.004701327433628319	0.01825221238938053	0.02157079646017699	0.0005530973451327434	0.003595132743362832	0.0	0.030420353982300884	0.0	0.0038716814159292035	0.020188053097345133	0.02820796460176991	0.0013827433628318584	0.004148230088495576	0.02654867256637168	0.005807522123893806	0.000829646017699115	0.0002765486725663717	0.011061946902654867	0.04839601769911504	0.0005530973451327434	0.010508849557522125
0.024059734513274336	0.0351216814159292	0.0019358407079646017	0.007190265486725664	0.03484513274336283	0.04092920353982301	0.00165929203539823	0.006913716814159292	0.0	0.020188053097345133	0.0	0.0027654867256637168	0.0625	0.07328539823008849	0.0013827433628318584	0.01327433628318584	0.02350663716814159	0.02350663716814159	0.0011061946902654867	0.0038716814159292035	0.025442477876106196	0.023230088495575223	0.0005530973451327434	0.003595132743362832	0.007466814159292036	0.009402654867256638	0.0	0.000829646017699115	0.07494469026548672	0.06664823008849557	0.00165929203539823	0.011615044247787611	0.02350663716814159	0.014933628318584071	0.000829646017699115	0.002488938053097345	0.025719026548672565	0.03484513274336283	0.000829646017699115	0.004701327433628319	0.016039823008849558	0.03152654867256637	0.0005530973451327434	0.005254424778761062	0.017699115044247787	0.022123893805309734	0.000829646017699115	0.00331858407079646	0.0	0.03014380530973451	0.0	0.004148230088495576	0.019358407079646017	0.02820796460176991	0.0022123893805309734	0.004148230088495576	0.026825221238938053	0.005807522123893806	0.0005530973451327434	0.0002765486725663717	0.010232300884955753	0.048672566371681415	0.0005530973451327434	0.010232300884955753
0.024889380530973452	0.034292035398230086	0.0011061946902654867	0.008019911504424779	0.03456858407079646	0.04120575221238938	0.0019358407079646017	0.00663716814159292	0.0	0.020464601769911505	0.0	0.002488938053097345	0.06222345132743363	0.07328539823008849	0.00165929203539823	0.01327433628318584	0.02350663716814159	0.023783185840707963	0.0011061946902654867	0.003595132743362832	0.025165929203539824	0.02295353982300885	0.000829646017699115	0.0038716814159292035	0.006913716814159292	0.008849557522123894	0.000829646017699115	0.0011061946902654867	0.07466814159292036	0.06720132743362832	0.0019358407079646017	0.010785398230088495	0.023230088495575223	0.014933628318584071	0.0011061946902654867	0.002488938053097345	0.025995575221238937	0.03373893805309734	0.0005530973451327434	0.005807522123893806	0.015486725663716814	0.030696902654867256	0.0005530973451327434	0.00663716814159292	0.017422566371681415	0.022123893805309734	0.000829646017699115	0.003595132743362832	0.0	0.030973451327433628	0.0	0.00331858407079646	0.020188053097345133	0.02820796460176991	0.0013827433628318584	0.004148230088495576	0.026825221238938053	0.005807522123893806	0.0005530973451327434	0.0002765486725663717	0.010508849557522125	0.048672566371681415	0.0005530973451327434	0.010232300884955753
0.024889380530973452	0.034015486725663714	0.0011061946902654867	0.008296460176991151	0.03456858407079646	0.04120575221238938	0.0019358407079646017	0.00663716814159292	0.0	0.020464601769911505	0.0	0.002488938053097345	0.0625	0.072179203539823	0.0013827433628318584	0.014380530973451327	0.02350663716814159	0.02350663716814159	0.0011061946902654867	0.0038716814159292035	0.025442477876106196	0.02267699115044248	0.000829646017699115	0.0038716814159292035	0.00663716814159292	0.008849557522123894	0.000829646017699115	0.0013827433628318584	0.07328539823008849	0.06720132743362832	0.0013827433628318584	0.011891592920353982	0.023230088495575223	0.014933628318584071	0.0011061946902654867	0.002488938053097345	0.025995575221238937	0.03373893805309734	0.0005530973451327434	0.005807522123893806	0.015210176991150442	0.030696902654867256	0.000829646017699115	0.00663716814159292	0.01797566371681416	0.021847345132743362	0.0005530973451327434	0.003595132743362832	0.0	0.030420353982300884	0.0	0.0038716814159292035	0.020464601769911505	0.028484513274336282	0.0011061946902654867	0.0038716814159292035	0.026825221238938053	0.005807522123893806	0.0005530973451327434	0.0002765486725663717	0.011615044247787611	0.04894911504424779	0.0002765486725663717	0.00995575221238938
0.02461283185840708	0.034015486725663714	0.0013827433628318584	0.008296460176991151	0.03484513274336283	0.041758849557522126	0.0013827433628318584	0.006360619469026549	0.0	0.020464601769911505	0.0	0.002488938053097345	0.06305309734513274	0.07190265486725664	0.000829646017699115	0.0146570796460177	0.023783185840707963	0.023230088495575223	0.000829646017699115	0.004148230088495576	0.025165929203539824	0.023230088495575223	0.0011061946902654867	0.00331858407079646	0.00663716814159292	0.009126106194690266	0.000829646017699115	0.0011061946902654867	0.07273230088495575	0.06775442477876106	0.0013827433628318584	0.01133849557522124	0.02267699115044248	0.014380530973451327	0.00165929203539823	0.0030420353982300885	0.025442477876106196	0.034015486725663714	0.0011061946902654867	0.0055309734513274336	0.014933628318584071	0.03125	0.0013827433628318584	0.005807522123893806	0.017699115044247787	0.022123893805309734	0.000829646017699115	0.00331858407079646	0.0	0.030420353982300884	0.0	0.0038716814159292035	0.020464601769911505	0.027931415929203538	0.0011061946902654867	0.004424778761061947	0.02627212389380531	0.005807522123893806	0.0011061946902654867	0.0002765486725663717	0.011891592920353982	0.04894911504424779	0.0005530973451327434	0.00995575221238938
0.025165929203539824	0.03373893805309734	0.000829646017699115	0.008573008849557522	0.0351216814159292	0.04120575221238938	0.0011061946902654867	0.006913716814159292	0.0	0.01991150442477876	0.0	0.0030420353982300885	0.0625	0.0713495575221239	0.0013827433628318584	0.015210176991150442	0.02350663716814159	0.023230088495575223	0.0011061946902654867	0.004148230088495576	0.025165929203539824	0.02350663716814159	0.000829646017699115	0.00331858407079646	0.007190265486725664	0.009126106194690266	0.0002765486725663717	0.0011061946902654867	0.07190265486725664	0.06664823008849557	0.0022123893805309734	0.012997787610619468	0.02295353982300885	0.014380530973451327	0.0013827433628318584	0.0030420353982300885	0.025442477876106196	0.034292035398230086	0.0011061946902654867	0.005254424778761062	0.015486725663716814	0.031803097345132744	0.000829646017699115	0.005254424778761062	0.01686946902654867	0.022123893805309734	0.0013827433628318584	0.003595132743362832	0.0	0.03014380530973451	0.0	0.004148230088495576	0.01991150442477876	0.027931415929203538	0.0013827433628318584	0.004701327433628319	0.02654867256637168	0.005807522123893806	0.000829646017699115	0.0002765486725663717	0.011615044247787611	0.04839601769911504	0.0002765486725663717	0.010508849557522125
0.025165929203539824	0.03346238938053098	0.000829646017699115	0.008849557522123894	0.0351216814159292	0.04092920353982301	0.000829646017699115	0.007466814159292036	0.0	0.019081858407079644	0.0	0.0038716814159292035	0.0625	0.07162610619469026	0.0013827433628318584	0.014933628318584071	0.02350663716814159	0.02295353982300885	0.0011061946902654867	0.004424778761061947	0.02461283185840708	0.023230088495575223	0.000829646017699115	0.004148230088495576	0.007190265486725664	0.009126106194690266	0.0002765486725663717	0.0011061946902654867	0.07079646017699115	0.06664823008849557	0.0022123893805309734	0.014103982300884955	0.02295353982300885	0.015210176991150442	0.0013827433628318584	0.0022123893805309734	0.025165929203539824	0.034292035398230086	0.0013827433628318584	0.005254424778761062	0.015210176991150442	0.03152654867256637	0.000829646017699115	0.005807522123893806	0.01631637168141593	0.022400442477876106	0.0019358407079646017	0.00331858407079646	0.0	0.029867256637168143	0.0	0.004424778761061947	0.01963495575221239	0.027931415929203538	0.00165929203539823	0.004701327433628319	0.026825221238938053	0.005807522123893806	0.0005530973451327434	0.0002765486725663717	0.011615044247787611	0.04839601769911504	0.0002765486725663717	0.010508849557522125
0.025442477876106196	0.03290929203539823	0.0005530973451327434	0.009402654867256638	0.03456858407079646	0.04092920353982301	0.0013827433628318584	0.007466814159292036	0.0	0.019081858407079644	0.0	0.0038716814159292035	0.0625	0.07190265486725664	0.0013827433628318584	0.0146570796460177	0.023783185840707963	0.02267699115044248	0.000829646017699115	0.004701327433628319	0.024889380530973452	0.02350663716814159	0.0005530973451327434	0.0038716814159292035	0.007190265486725664	0.009126106194690266	0.0002765486725663717	0.0011061946902654867	0.06886061946902655	0.06747787610619468	0.0030420353982300885	0.012721238938053098	0.023230088495575223	0.015210176991150442	0.0011061946902654867	0.0022123893805309734	0.02461283185840708	0.03373893805309734	0.00165929203539823	0.006084070796460177	0.015486725663716814	0.031803097345132744	0.0005530973451327434	0.0055309734513274336	0.016039823008849558	0.022400442477876106	0.00165929203539823	0.0038716814159292035	0.0	0.03014380530973451	0.0	0.004148230088495576	0.019358407079646017	0.027931415929203538	0.0022123893805309734	0.004424778761061947	0.02654867256637168	0.005807522123893806	0.000829646017699115	0.0002765486725663717	0.01327433628318584	0.04811946902654867	0.0002765486725663717	0.010785398230088495
0.025719026548672565	0.03290929203539823	0.0002765486725663717	0.009402654867256638	0.03373893805309734	0.04120575221238938	0.0019358407079646017	0.007466814159292036	0.0	0.019358407079646017	0.0	0.003595132743362832	0.0625	0.072179203539823	0.0013827433628318584	0.014380530973451327	0.024336283185840708	0.02267699115044248	0.0002765486725663717	0.004701327433628319	0.02461283185840708	0.02350663716814159	0.0005530973451327434	0.004148230088495576	0.006913716814159292	0.008849557522123894	0.0005530973451327434	0.0013827433628318584	0.06996681415929204	0.06858407079646017	0.00165929203539823	0.012168141592920354	0.023230088495575223	0.015210176991150442	0.0011061946902654867	0.0022123893805309734	0.025442477876106196	0.03346238938053098	0.000829646017699115	0.006360619469026549	0.015763274336283186	0.031803097345132744	0.0002765486725663717	0.0055309734513274336	0.01631637168141593	0.02295353982300885	0.0011061946902654867	0.003595132743362832	0.0	0.02959070796460177	0.0	0.004701327433628319	0.019081858407079644	0.028761061946902654	0.002488938053097345	0.003595132743362832	0.02654867256637168	0.006084070796460177	0.000829646017699115	0.0	0.012721238938053098	0.04811946902654867	0.0005530973451327434	0.010785398230088495
0.025719026548672565	0.03373893805309734	0.0002765486725663717	0.008573008849557522	0.034015486725663714	0.04092920353982301	0.00165929203539823	0.007743362831858407	0.0	0.019358407079646017	0.0	0.003595132743362832	0.06305309734513274	0.07245575221238938	0.000829646017699115	0.014103982300884955	0.024059734513274336	0.02295353982300885	0.0005530973451327434	0.004424778761061947	0.02461283185840708	0.023783185840707963	0.0002765486725663717	0.004148230088495576	0.006913716814159292	0.008849557522123894	0.0005530973451327434	0.0013827433628318584	0.07051991150442478	0.06775442477876106	0.00165929203539823	0.012997787610619468	0.02295353982300885	0.014933628318584071	0.0013827433628318584	0.002488938053097345	0.025165929203539824	0.03235619469026549	0.0013827433628318584	0.007190265486725664	0.015210176991150442	0.03152654867256637	0.0005530973451327434	0.006084070796460177	0.01686946902654867	0.02350663716814159	0.0005530973451327434	0.0030420353982300885	0.0	0.02959070796460177	0.0	0.004701327433628319	0.018805309734513276	0.02959070796460177	0.0022123893805309734	0.00331858407079646	0.02627212389380531	0.006084070796460177	0.0011061946902654867	0.0	0.012444690265486726	0.048672566371681415	0.0002765486725663717	0.010232300884955753
0.025442477876106196	0.03373893805309734	0.0005530973451327434	0.008573008849557522	0.034292035398230086	0.041482300884955754	0.00165929203539823	0.006913716814159292	0.0	0.019358407079646017	0.0	0.003595132743362832	0.06305309734513274	0.07411504424778761	0.000829646017699115	0.012444690265486726	0.024059734513274336	0.02267699115044248	0.0005530973451327434	0.004701327433628319	0.023783185840707963	0.02461283185840708	0.0005530973451327434	0.0038716814159292035	0.006913716814159292	0.008849557522123894	0.0002765486725663717	0.00165929203539823	0.06913716814159292	0.06775442477876106	0.002488938053097345	0.01327433628318584	0.02295353982300885	0.014933628318584071	0.0013827433628318584	0.002488938053097345	0.025165929203539824	0.031803097345132744	0.0013827433628318584	0.007743362831858407	0.015210176991150442	0.03152654867256637	0.000829646017699115	0.005807522123893806	0.017146017699115043	0.023783185840707963	0.0005530973451327434	0.002488938053097345	0.0	0.02959070796460177	0.0	0.004701327433628319	0.01991150442477876	0.029867256637168143	0.0013827433628318584	0.0027654867256637168	0.025995575221238937	0.006084070796460177	0.0013827433628318584	0.0	0.012721238938053098	0.04811946902654867	0.0002765486725663717	0.010785398230088495
0.024889380530973452	0.03346238938053098	0.0011061946902654867	0.008849557522123894	0.03346238938053098	0.04120575221238938	0.0022123893805309734	0.007466814159292036	0.0	0.01963495575221239	0.0	0.00331858407079646	0.0625	0.07300884955752213	0.0013827433628318584	0.013550884955752213	0.024336283185840708	0.022400442477876106	0.0002765486725663717	0.00497787610619469	0.02350663716814159	0.024336283185840708	0.000829646017699115	0.004148230088495576	0.007190265486725664	0.008296460176991151	0.0	0.0022123893805309734	0.06803097345132743	0.06803097345132743	0.0030420353982300885	0.012721238938053098	0.024059734513274336	0.0146570796460177	0.0002765486725663717	0.0027654867256637168	0.025995575221238937	0.030973451327433628	0.000829646017699115	0.008296460176991151	0.015486725663716814	0.031803097345132744	0.0005530973451327434	0.0055309734513274336	0.01686946902654867	0.02350663716814159	0.000829646017699115	0.0027654867256637168	0.0	0.02959070796460177	0.0	0.004701327433628319	0.01963495575221239	0.029867256637168143	0.0013827433628318584	0.0030420353982300885	0.02627212389380531	0.006084070796460177	0.0011061946902654867	0.0	0.012997787610619468	0.0478429203539823	0.000829646017699115	0.011061946902654867
0.025165929203539824	0.034292035398230086	0.000829646017699115	0.008019911504424779	0.034292035398230086	0.0420353982300885	0.0013827433628318584	0.00663716814159292	0.0	0.019358407079646017	0.0	0.003595132743362832	0.061946902654867256	0.07328539823008849	0.0019358407079646017	0.01327433628318584	0.024336283185840708	0.022400442477876106	0.0002765486725663717	0.00497787610619469	0.023230088495575223	0.024059734513274336	0.0011061946902654867	0.004424778761061947	0.00663716814159292	0.008573008849557522	0.0002765486725663717	0.0022123893805309734	0.06913716814159292	0.06775442477876106	0.0022123893805309734	0.01327433628318584	0.023783185840707963	0.015210176991150442	0.0005530973451327434	0.0022123893805309734	0.02627212389380531	0.030973451327433628	0.000829646017699115	0.008019911504424779	0.015210176991150442	0.03125	0.000829646017699115	0.006084070796460177	0.01686946902654867	0.02350663716814159	0.0011061946902654867	0.002488938053097345	0.0	0.0293141592920354	0.0	0.00497787610619469	0.019358407079646017	0.029867256637168143	0.00165929203539823	0.0030420353982300885	0.02627212389380531	0.006084070796460177	0.0011061946902654867	0.0	0.012444690265486726	0.0478429203539823	0.000829646017699115	0.011061946902654867
0.024889380530973452	0.03373893805309734	0.0011061946902654867	0.008573008849557522	0.03456858407079646	0.041758849557522126	0.0013827433628318584	0.00663716814159292	0.0	0.019358407079646017	0.0	0.003595132743362832	0.06139380530973451	0.07383849557522124	0.002488938053097345	0.012721238938053098	0.024336283185840708	0.022400442477876106	0.0002765486725663717	0.00497787610619469	0.022400442477876106	0.023783185840707963	0.0022123893805309734	0.004424778761061947	0.006913716814159292	0.008573008849557522	0.0	0.0022123893805309734	0.0694137168141593	0.06747787610619468	0.00165929203539823	0.013827433628318585	0.023230088495575223	0.015210176991150442	0.0011061946902654867	0.0022123893805309734	0.02627212389380531	0.031803097345132744	0.0013827433628318584	0.00663716814159292	0.015763274336283186	0.030973451327433628	0.0002765486725663717	0.006360619469026549	0.017146017699115043	0.023230088495575223	0.000829646017699115	0.0027654867256637168	0.0	0.029037610619469027	0.0	0.005254424778761062	0.01963495575221239	0.029867256637168143	0.0011061946902654867	0.00331858407079646	0.02627212389380531	0.006084070796460177	0.0011061946902654867	0.0	0.012444690265486726	0.04618362831858407	0.000829646017699115	0.012721238938053098
0.025165929203539824	0.03456858407079646	0.000829646017699115	0.007743362831858407	0.03484513274336283	0.041758849557522126	0.00165929203539823	0.006084070796460177	0.0	0.01991150442477876	0.0	0.0030420353982300885	0.06139380530973451	0.07383849557522124	0.002488938053097345	0.012721238938053098	0.024336283185840708	0.02295353982300885	0.0002765486725663717	0.004424778761061947	0.022400442477876106	0.023783185840707963	0.0019358407079646017	0.004701327433628319	0.006913716814159292	0.009126106194690266	0.0	0.00165929203539823	0.06692477876106195	0.06775442477876106	0.0027654867256637168	0.014103982300884955	0.023230088495575223	0.015210176991150442	0.0011061946902654867	0.0022123893805309734	0.025719026548672565	0.03125	0.0019358407079646017	0.007190265486725664	0.015486725663716814	0.03125	0.0011061946902654867	0.0055309734513274336	0.017146017699115043	0.02295353982300885	0.000829646017699115	0.0030420353982300885	0.0	0.02820796460176991	0.0	0.006084070796460177	0.01963495575221239	0.030420353982300884	0.0011061946902654867	0.0027654867256637168	0.025719026548672565	0.006084070796460177	0.00165929203539823	0.0	0.012997787610619468	0.04618362831858407	0.0011061946902654867	0.012721238938053098
0.02461283185840708	0.03456858407079646	0.0013827433628318584	0.007743362831858407	0.0351216814159292	0.04231194690265487	0.0011061946902654867	0.005807522123893806	0.0	0.01991150442477876	0.0	0.0030420353982300885	0.061670353982300884	0.07439159292035398	0.0022123893805309734	0.012168141592920354	0.023783185840707963	0.022400442477876106	0.000829646017699115	0.00497787610619469	0.02295353982300885	0.024336283185840708	0.0011061946902654867	0.004424778761061947	0.006913716814159292	0.008573008849557522	0.0	0.0022123893805309734	0.06747787610619468	0.06858407079646017	0.0027654867256637168	0.01327433628318584	0.02350663716814159	0.015486725663716814	0.000829646017699115	0.0019358407079646017	0.024889380530973452	0.030696902654867256	0.0022123893805309734	0.008296460176991151	0.015210176991150442	0.030973451327433628	0.0013827433628318584	0.005807522123893806	0.016592920353982302	0.02295353982300885	0.0011061946902654867	0.00331858407079646	0.0	0.027101769911504425	0.0	0.007190265486725664	0.019081858407079644	0.030420353982300884	0.0011061946902654867	0.00331858407079646	0.02627212389380531	0.006084070796460177	0.0011061946902654867	0.0	0.012444690265486726	0.0459070796460177	0.0011061946902654867	0.012997787610619468
0.024889380530973452	0.03456858407079646	0.0011061946902654867	0.007743362831858407	0.03484513274336283	0.041758849557522126	0.0011061946902654867	0.00663716814159292	0.0	0.020188053097345133	0.0	0.0027654867256637168	0.060564159292035395	0.07439159292035398	0.00331858407079646	0.012168141592920354	0.02350663716814159	0.022400442477876106	0.0011061946902654867	0.00497787610619469	0.02295353982300885	0.024336283185840708	0.0013827433628318584	0.004148230088495576	0.006360619469026549	0.008296460176991151	0.0002765486725663717	0.0027654867256637168	0.06554203539823009	0.06720132743362832	0.002488938053097345	0.015486725663716814	0.02350663716814159	0.015486725663716814	0.000829646017699115	0.0019358407079646017	0.025442477876106196	0.030973451327433628	0.0019358407079646017	0.007743362831858407	0.016039823008849558	0.031803097345132744	0.0005530973451327434	0.00497787610619469	0.016592920353982302	0.02295353982300885	0.0011061946902654867	0.00331858407079646	0.0	0.027101769911504425	0.0	0.007190265486725664	0.019358407079646017	0.03014380530973451	0.0011061946902654867	0.00331858407079646	0.02627212389380531	0.006084070796460177	0.0011061946902654867	0.0	0.014103982300884955	0.046460176991150445	0.000829646017699115	0.012444690265486726
0.024889380530973452	0.034292035398230086	0.0011061946902654867	0.008019911504424779	0.034292035398230086	0.041758849557522126	0.00165929203539823	0.00663716814159292	0.0	0.01991150442477876	0.0	0.0030420353982300885	0.06084070796460177	0.07356194690265487	0.0030420353982300885	0.012997787610619468	0.023783185840707963	0.022123893805309734	0.000829646017699115	0.005254424778761062	0.02267699115044248	0.024336283185840708	0.00165929203539823	0.004148230088495576	0.006084070796460177	0.008296460176991151	0.0005530973451327434	0.0027654867256637168	0.06609513274336283	0.06747787610619468	0.0022123893805309734	0.015210176991150442	0.02295353982300885	0.015486725663716814	0.0013827433628318584	0.0019358407079646017	0.025165929203539824	0.03125	0.002488938053097345	0.007190265486725664	0.015763274336283186	0.032079646017699116	0.000829646017699115	0.004701327433628319	0.01631637168141593	0.02350663716814159	0.0013827433628318584	0.0027654867256637168	0.0	0.027931415929203538	0.0	0.006360619469026549	0.018805309734513276	0.03014380530973451	0.0019358407079646017	0.0030420353982300885	0.02654867256637168	0.006084070796460177	0.000829646017699115	0.0	0.014103982300884955	0.04701327433628318	0.0005530973451327434	0.011891592920353982
0.025165929203539824	0.035398230088495575	0.000829646017699115	0.006913716814159292	0.03346238938053098	0.04120575221238938	0.0022123893805309734	0.007466814159292036	0.0	0.01991150442477876	0.0	0.0030420353982300885	0.060564159292035395	0.07328539823008849	0.00331858407079646	0.01327433628318584	0.02350663716814159	0.022123893805309734	0.0011061946902654867	0.005254424778761062	0.02267699115044248	0.024889380530973452	0.0011061946902654867	0.004148230088495576	0.005807522123893806	0.008296460176991151	0.000829646017699115	0.0027654867256637168	0.06609513274336283	0.06830752212389381	0.0019358407079646017	0.0146570796460177	0.02267699115044248	0.014933628318584071	0.00165929203539823	0.002488938053097345	0.025165929203539824	0.03152654867256637	0.0022123893805309734	0.007190265486725664	0.015763274336283186	0.03263274336283186	0.000829646017699115	0.004148230088495576	0.016039823008849558	0.023783185840707963	0.0011061946902654867	0.0030420353982300885	0.0	0.02820796460176991	0.0	0.006084070796460177	0.01825221238938053	0.029867256637168143	0.002488938053097345	0.00331858407079646	0.02654867256637168	0.00497787610619469	0.000829646017699115	0.0011061946902654867	0.014103982300884955	0.0478429203539823	0.0005530973451327434	0.011061946902654867
0.025442477876106196	0.03567477876106195	0.0005530973451327434	0.00663716814159292	0.03346238938053098	0.04092920353982301	0.002488938053097345	0.007466814159292036	0.0	0.01991150442477876	0.0	0.0030420353982300885	0.06139380530973451	0.07356194690265487	0.002488938053097345	0.012997787610619468	0.023783185840707963	0.02267699115044248	0.000829646017699115	0.004701327433628319	0.022123893805309734	0.025995575221238937	0.0013827433628318584	0.00331858407079646	0.006084070796460177	0.008573008849557522	0.0005530973451327434	0.002488938053097345	0.06664823008849557	0.0694137168141593	0.0019358407079646017	0.013550884955752213	0.02295353982300885	0.014933628318584071	0.0013827433628318584	0.002488938053097345	0.025165929203539824	0.031803097345132744	0.0022123893805309734	0.006913716814159292	0.015763274336283186	0.03263274336283186	0.000829646017699115	0.004148230088495576	0.015763274336283186	0.023783185840707963	0.0013827433628318584	0.0030420353982300885	0.0	0.02765486725663717	0.0	0.00663716814159292	0.018528761061946904	0.03014380530973451	0.0019358407079646017	0.00331858407079646	0.025995575221238937	0.00497787610619469	0.0013827433628318584	0.0011061946902654867	0.013827433628318585	0.04811946902654867	0.0002765486725663717	0.010785398230088495
0.025719026548672565	0.03622787610619469	0.0002765486725663717	0.006084070796460177	0.03346238938053098	0.040376106194690266	0.0019358407079646017	0.008573008849557522	0.0	0.019358407079646017	0.0	0.003595132743362832	0.06139380530973451	0.07328539823008849	0.002488938053097345	0.01327433628318584	0.023783185840707963	0.02267699115044248	0.000829646017699115	0.004701327433628319	0.021294247787610618	0.025719026548672565	0.0019358407079646017	0.0038716814159292035	0.006360619469026549	0.008573008849557522	0.0002765486725663717	0.002488938053097345	0.06775442477876106	0.06830752212389381	0.0011061946902654867	0.014933628318584071	0.023230088495575223	0.014933628318584071	0.0011061946902654867	0.002488938053097345	0.025165929203539824	0.032079646017699116	0.0022123893805309734	0.00663716814159292	0.01631637168141593	0.03290929203539823	0.0002765486725663717	0.0038716814159292035	0.015763274336283186	0.023230088495575223	0.0013827433628318584	0.003595132743362832	0.0	0.028484513274336282	0.0	0.005807522123893806	0.018528761061946904	0.030973451327433628	0.0019358407079646017	0.002488938053097345	0.02627212389380531	0.004701327433628319	0.0011061946902654867	0.0013827433628318584	0.013550884955752213	0.048672566371681415	0.0	0.010232300884955753
0.024889380530973452	0.03622787610619469	0.0011061946902654867	0.006084070796460177	0.03346238938053098	0.041482300884955754	0.0019358407079646017	0.007466814159292036	0.0	0.018805309734513276	0.0	0.004148230088495576	0.06111725663716814	0.07300884955752213	0.0027654867256637168	0.013550884955752213	0.024059734513274336	0.022400442477876106	0.0005530973451327434	0.00497787610619469	0.020464601769911505	0.025442477876106196	0.002488938053097345	0.004424778761061947	0.006084070796460177	0.009126106194690266	0.0005530973451327434	0.0019358407079646017	0.06692477876106195	0.06858407079646017	0.00165929203539823	0.015210176991150442	0.02350663716814159	0.015210176991150442	0.000829646017699115	0.0022123893805309734	0.025719026548672565	0.032079646017699116	0.0019358407079646017	0.006360619469026549	0.016592920353982302	0.03290929203539823	0.0	0.0038716814159292035	0.016039823008849558	0.02267699115044248	0.0013827433628318584	0.0038716814159292035	0.0	0.02959070796460177	0.0	0.004701327433628319	0.01825221238938053	0.03125	0.0019358407079646017	0.002488938053097345	0.026825221238938053	0.004701327433628319	0.0005530973451327434	0.0013827433628318584	0.01327433628318584	0.04756637168141593	0.0	0.01133849557522124
0.024889380530973452	0.03622787610619469	0.0011061946902654867	0.006084070796460177	0.03373893805309734	0.04092920353982301	0.0022123893805309734	0.007466814159292036	0.0	0.01797566371681416	0.0	0.00497787610619469	0.06084070796460177	0.07356194690265487	0.0030420353982300885	0.012997787610619468	0.024059734513274336	0.02267699115044248	0.0005530973451327434	0.004701327433628319	0.020741150442477877	0.025719026548672565	0.0019358407079646017	0.004424778761061947	0.006084070796460177	0.009126106194690266	0.0002765486725663717	0.0022123893805309734	0.06609513274336283	0.0694137168141593	0.00165929203539823	0.014933628318584071	0.02350663716814159	0.015486725663716814	0.000829646017699115	0.0019358407079646017	0.025719026548672565	0.032079646017699116	0.0019358407079646017	0.006360619469026549	0.016592920353982302	0.03346238938053098	0.0002765486725663717	0.0030420353982300885	0.016592920353982302	0.022400442477876106	0.0011061946902654867	0.0038716814159292035	0.0	0.029867256637168143	0.0	0.004424778761061947	0.01825221238938053	0.03014380530973451	0.00165929203539823	0.0038716814159292035	0.026825221238938053	0.00497787610619469	0.0005530973451327434	0.0011061946902654867	0.013550884955752213	0.04701327433628318	0.0	0.011891592920353982
0.024889380530973452	0.03650442477876106	0.0011061946902654867	0.005807522123893806	0.03373893805309734	0.040376106194690266	0.0022123893805309734	0.008019911504424779	0.0	0.01797566371681416	0.0	0.00497787610619469	0.060564159292035395	0.07356194690265487	0.00331858407079646	0.012997787610619468	0.024059734513274336	0.02267699115044248	0.0005530973451327434	0.004701327433628319	0.021294247787610618	0.025995575221238937	0.0019358407079646017	0.003595132743362832	0.006084070796460177	0.009402654867256638	0.0002765486725663717	0.0019358407079646017	0.06388274336283185	0.0694137168141593	0.0038716814159292035	0.0146570796460177	0.023230088495575223	0.015486725663716814	0.0011061946902654867	0.0019358407079646017	0.02627212389380531	0.03235619469026549	0.0013827433628318584	0.006084070796460177	0.016039823008849558	0.03346238938053098	0.0002765486725663717	0.003595132743362832	0.01686946902654867	0.02267699115044248	0.0005530973451327434	0.0038716814159292035	0.0	0.028484513274336282	0.0	0.005807522123893806	0.018528761061946904	0.0293141592920354	0.00165929203539823	0.004424778761061947	0.026825221238938053	0.00497787610619469	0.0005530973451327434	0.0011061946902654867	0.013827433628318585	0.0459070796460177	0.0	0.012997787610619468
0.025442477876106196	0.03595132743362832	0.0005530973451327434	0.006360619469026549	0.03373893805309734	0.03982300884955752	0.0019358407079646017	0.008849557522123894	0.0	0.017699115044247787	0.0	0.005254424778761062	0.06139380530973451	0.07411504424778761	0.002488938053097345	0.012444690265486726	0.024336283185840708	0.02350663716814159	0.0002765486725663717	0.0038716814159292035	0.021294247787610618	0.02627212389380531	0.0019358407079646017	0.00331858407079646	0.00663716814159292	0.009402654867256638	0.0	0.00165929203539823	0.0644358407079646	0.06969026548672566	0.002488938053097345	0.0146570796460177	0.02350663716814159	0.015486725663716814	0.000829646017699115	0.0019358407079646017	0.02654867256637168	0.03263274336283186	0.0011061946902654867	0.005807522123893806	0.015210176991150442	0.03346238938053098	0.0011061946902654867	0.003595132743362832	0.01631637168141593	0.022123893805309734	0.0005530973451327434	0.00497787610619469	0.0	0.029037610619469027	0.0	0.005254424778761062	0.01797566371681416	0.02959070796460177	0.0019358407079646017	0.004424778761061947	0.026825221238938053	0.00497787610619469	0.0005530973451327434	0.0011061946902654867	0.014103982300884955	0.04535398230088496	0.0002765486725663717	0.013550884955752213
0.024889380530973452	0.03567477876106195	0.0011061946902654867	0.00663716814159292	0.03484513274336283	0.040099557522123894	0.0011061946902654867	0.008296460176991151	0.0	0.017699115044247787	0.0	0.005254424778761062	0.06028761061946902	0.07328539823008849	0.003595132743362832	0.01327433628318584	0.023783185840707963	0.02350663716814159	0.000829646017699115	0.0038716814159292035	0.020741150442477877	0.02654867256637168	0.0013827433628318584	0.004148230088495576	0.00663716814159292	0.009679203539823008	0.0	0.0013827433628318584	0.06305309734513274	0.0702433628318584	0.0030420353982300885	0.014103982300884955	0.023783185840707963	0.015210176991150442	0.0005530973451327434	0.0022123893805309734	0.02654867256637168	0.03263274336283186	0.0011061946902654867	0.005807522123893806	0.015486725663716814	0.034015486725663714	0.0005530973451327434	0.00331858407079646	0.01686946902654867	0.022123893805309734	0.0	0.00497787610619469	0.0	0.029037610619469027	0.0	0.005254424778761062	0.018805309734513276	0.028761061946902654	0.0011061946902654867	0.005254424778761062	0.026825221238938053	0.005254424778761062	0.0005530973451327434	0.000829646017699115	0.0146570796460177	0.04618362831858407	0.0005530973451327434	0.012721238938053098
0.024336283185840708	0.03650442477876106	0.00165929203539823	0.005807522123893806	0.035398230088495575	0.040099557522123894	0.0005530973451327434	0.008296460176991151	0.0	0.017422566371681415	0.0	0.0055309734513274336	0.06139380530973451	0.07273230088495575	0.002488938053097345	0.013827433628318585	0.024059734513274336	0.023230088495575223	0.0005530973451327434	0.004148230088495576	0.02157079646017699	0.02627212389380531	0.000829646017699115	0.004148230088495576	0.00663716814159292	0.009679203539823008	0.0	0.0013827433628318584	0.0625	0.06996681415929204	0.0030420353982300885	0.014380530973451327	0.024059734513274336	0.015210176991150442	0.0002765486725663717	0.0022123893805309734	0.025995575221238937	0.03346238938053098	0.00165929203539823	0.00497787610619469	0.015486725663716814	0.034015486725663714	0.0005530973451327434	0.00331858407079646	0.01631637168141593	0.021847345132743362	0.0005530973451327434	0.005254424778761062	0.0	0.028484513274336282	0.0	0.005807522123893806	0.018528761061946904	0.02959070796460177	0.0011061946902654867	0.004701327433628319	0.027101769911504425	0.005254424778761062	0.0002765486725663717	0.000829646017699115	0.015210176991150442	0.0459070796460177	0.0005530973451327434	0.012997787610619468
0.024336283185840708	0.03650442477876106	0.00165929203539823	0.005807522123893806	0.03456858407079646	0.038993362831858405	0.0013827433628318584	0.009402654867256638	0.0	0.01686946902654867	0.0	0.006084070796460177	0.06139380530973451	0.07328539823008849	0.002488938053097345	0.01327433628318584	0.024336283185840708	0.02267699115044248	0.0002765486725663717	0.004701327433628319	0.021294247787610618	0.025995575221238937	0.0011061946902654867	0.004424778761061947	0.00663716814159292	0.009402654867256638	0.0	0.00165929203539823	0.060564159292035395	0.07051991150442478	0.00331858407079646	0.013827433628318585	0.023783185840707963	0.014933628318584071	0.0005530973451327434	0.002488938053097345	0.025719026548672565	0.033185840707964605	0.0019358407079646017	0.005254424778761062	0.015486725663716814	0.034292035398230086	0.0005530973451327434	0.0030420353982300885	0.017146017699115043	0.02157079646017699	0.0	0.005254424778761062	0.0	0.028484513274336282	0.0	0.005807522123893806	0.01797566371681416	0.030420353982300884	0.0013827433628318584	0.004148230088495576	0.02627212389380531	0.005254424778761062	0.0011061946902654867	0.000829646017699115	0.01631637168141593	0.04673672566371682	0.0011061946902654867	0.012168141592920354
0.02461283185840708	0.03595132743362832	0.0013827433628318584	0.006360619469026549	0.035398230088495575	0.03926991150442478	0.0005530973451327434	0.009126106194690266	0.0	0.017146017699115043	0.0	0.005807522123893806	0.06028761061946902	0.07300884955752213	0.003595132743362832	0.013550884955752213	0.024336283185840708	0.022400442477876106	0.0002765486725663717	0.00497787610619469	0.021294247787610618	0.025995575221238937	0.000829646017699115	0.004701327433628319	0.006360619469026549	0.009402654867256638	0.0	0.0019358407079646017	0.059734513274336286	0.07051991150442478	0.004424778761061947	0.013550884955752213	0.023783185840707963	0.015210176991150442	0.0005530973451327434	0.0022123893805309734	0.02654867256637168	0.033185840707964605	0.000829646017699115	0.0055309734513274336	0.0146570796460177	0.03456858407079646	0.0011061946902654867	0.0030420353982300885	0.017146017699115043	0.021847345132743362	0.0	0.00497787610619469	0.0	0.02820796460176991	0.0	0.006084070796460177	0.01825221238938053	0.030420353982300884	0.0013827433628318584	0.0038716814159292035	0.02654867256637168	0.005254424778761062	0.000829646017699115	0.000829646017699115	0.01686946902654867	0.04673672566371682	0.0005530973451327434	0.012168141592920354
0.02461283185840708	0.035398230088495575	0.0013827433628318584	0.006913716814159292	0.0351216814159292	0.03844026548672566	0.0011061946902654867	0.009679203539823008	0.0	0.017146017699115043	0.0	0.005807522123893806	0.06084070796460177	0.07273230088495575	0.0030420353982300885	0.013827433628318585	0.02350663716814159	0.02295353982300885	0.0011061946902654867	0.004424778761061947	0.020464601769911505	0.02627212389380531	0.0013827433628318584	0.004701327433628319	0.006360619469026549	0.009402654867256638	0.0005530973451327434	0.0013827433628318584	0.060564159292035395	0.07079646017699115	0.004148230088495576	0.013827433628318585	0.02350663716814159	0.015763274336283186	0.000829646017699115	0.00165929203539823	0.026825221238938053	0.03290929203539823	0.0005530973451327434	0.005807522123893806	0.014103982300884955	0.034292035398230086	0.0013827433628318584	0.003595132743362832	0.017146017699115043	0.021294247787610618	0.0	0.0055309734513274336	0.0	0.027931415929203538	0.0	0.006360619469026549	0.01797566371681416	0.029867256637168143	0.00165929203539823	0.004424778761061947	0.02654867256637168	0.00497787610619469	0.000829646017699115	0.0011061946902654867	0.016039823008849558	0.04811946902654867	0.0002765486725663717	0.010785398230088495
0.024336283185840708	0.035398230088495575	0.00165929203539823	0.006913716814159292	0.0351216814159292	0.038993362831858405	0.0011061946902654867	0.009126106194690266	0.0	0.018528761061946904	0.0	0.004424778761061947	0.06139380530973451	0.072179203539823	0.002488938053097345	0.014380530973451327	0.023783185840707963	0.02295353982300885	0.000829646017699115	0.004424778761061947	0.01963495575221239	0.025995575221238937	0.0022123893805309734	0.00497787610619469	0.006360619469026549	0.009679203539823008	0.0005530973451327434	0.0011061946902654867	0.060564159292035395	0.07190265486725664	0.0038716814159292035	0.012721238938053098	0.02350663716814159	0.015486725663716814	0.000829646017699115	0.0019358407079646017	0.026825221238938053	0.03290929203539823	0.0011061946902654867	0.005254424778761062	0.014380530973451327	0.034015486725663714	0.0013827433628318584	0.003595132743362832	0.017422566371681415	0.02157079646017699	0.0	0.00497787610619469	0.0	0.028484513274336282	0.0	0.005807522123893806	0.01797566371681416	0.0293141592920354	0.0011061946902654867	0.0055309734513274336	0.025995575221238937	0.004701327433628319	0.0013827433628318584	0.0013827433628318584	0.015763274336283186	0.0478429203539823	0.000829646017699115	0.011061946902654867
0.024336283185840708	0.03705752212389381	0.00165929203539823	0.005254424778761062	0.03567477876106195	0.03816371681415929	0.0005530973451327434	0.00995575221238938	0.0	0.018805309734513276	0.0	0.004148230088495576	0.06084070796460177	0.07190265486725664	0.0030420353982300885	0.0146570796460177	0.02350663716814159	0.02267699115044248	0.0011061946902654867	0.004701327433628319	0.01991150442477876	0.02627212389380531	0.0022123893805309734	0.004424778761061947	0.00663716814159292	0.009402654867256638	0.0002765486725663717	0.0013827433628318584	0.061670353982300884	0.07356194690265487	0.00331858407079646	0.011061946902654867	0.023783185840707963	0.015210176991150442	0.0005530973451327434	0.0022123893805309734	0.027101769911504425	0.03290929203539823	0.0011061946902654867	0.00497787610619469	0.014380530973451327	0.03373893805309734	0.0013827433628318584	0.0038716814159292035	0.017146017699115043	0.021847345132743362	0.000829646017699115	0.004148230088495576	0.0	0.028484513274336282	0.0	0.005807522123893806	0.018528761061946904	0.0293141592920354	0.0005530973451327434	0.0055309734513274336	0.025719026548672565	0.004701327433628319	0.00165929203539823	0.0013827433628318584	0.014933628318584071	0.0478429203539823	0.0011061946902654867	0.011061946902654867
0.024336283185840708	0.03733407079646018	0.00165929203539823	0.00497787610619469	0.0351216814159292	0.03844026548672566	0.0013827433628318584	0.009402654867256638	0.0	0.018805309734513276	0.0	0.004148230088495576	0.06139380530973451	0.072179203539823	0.002488938053097345	0.014380530973451327	0.023230088495575223	0.024336283185840708	0.0013827433628318584	0.0030420353982300885	0.02157079646017699	0.025442477876106196	0.000829646017699115	0.00497787610619469	0.006360619469026549	0.009126106194690266	0.0005530973451327434	0.00165929203539823	0.0625	0.07356194690265487	0.00331858407079646	0.011061946902654867	0.023783185840707963	0.015210176991150442	0.0005530973451327434	0.0022123893805309734	0.027378318584070797	0.03263274336283186	0.000829646017699115	0.005254424778761062	0.014103982300884955	0.03373893805309734	0.0013827433628318584	0.004148230088495576	0.017146017699115043	0.021847345132743362	0.0011061946902654867	0.0038716814159292035	0.0	0.0293141592920354	0.0	0.00497787610619469	0.018528761061946904	0.029037610619469027	0.000829646017699115	0.0055309734513274336	0.02627212389380531	0.004701327433628319	0.0011061946902654867	0.0013827433628318584	0.014380530973451327	0.04839601769911504	0.000829646017699115	0.010508849557522125
0.024336283185840708	0.03705752212389381	0.00165929203539823	0.005254424778761062	0.0351216814159292	0.03954646017699115	0.0011061946902654867	0.008573008849557522	0.0	0.019358407079646017	0.0	0.003595132743362832	0.061946902654867256	0.07328539823008849	0.0019358407079646017	0.01327433628318584	0.023230088495575223	0.024059734513274336	0.0013827433628318584	0.00331858407079646	0.021294247787610618	0.025165929203539824	0.0011061946902654867	0.005254424778761062	0.006360619469026549	0.009402654867256638	0.0005530973451327434	0.0013827433628318584	0.060564159292035395	0.07273230088495575	0.003595132743362832	0.012721238938053098	0.02350663716814159	0.015210176991150442	0.000829646017699115	0.0022123893805309734	0.027931415929203538	0.03263274336283186	0.000829646017699115	0.004701327433628319	0.0146570796460177	0.034015486725663714	0.0011061946902654867	0.003595132743362832	0.017422566371681415	0.021847345132743362	0.0011061946902654867	0.003595132743362832	0.0	0.0293141592920354	0.0	0.00497787610619469	0.01825221238938053	0.027931415929203538	0.0011061946902654867	0.00663716814159292	0.027101769911504425	0.00497787610619469	0.0002765486725663717	0.0011061946902654867	0.015210176991150442	0.04756637168141593	0.000829646017699115	0.01133849557522124
0.02461283185840708	0.036780973451327435	0.0013827433628318584	0.0055309734513274336	0.035398230088495575	0.03816371681415929	0.000829646017699115	0.00995575221238938	0.0	0.01963495575221239	0.0	0.00331858407079646	0.06222345132743363	0.072179203539823	0.00165929203539823	0.014380530973451327	0.02350663716814159	0.02350663716814159	0.0011061946902654867	0.0038716814159292035	0.02157079646017699	0.025995575221238937	0.000829646017699115	0.004424778761061947	0.006360619469026549	0.009402654867256638	0.0005530973451327434	0.0013827433628318584	0.059457964601769914	0.07190265486725664	0.00331858407079646	0.012997787610619468	0.02350663716814159	0.015486725663716814	0.000829646017699115	0.0019358407079646017	0.02765486725663717	0.033185840707964605	0.000829646017699115	0.004424778761061947	0.0146570796460177	0.03346238938053098	0.0011061946902654867	0.004148230088495576	0.017699115044247787	0.02157079646017699	0.0005530973451327434	0.004148230088495576	0.0	0.028761061946902654	0.0	0.0055309734513274336	0.01797566371681416	0.028484513274336282	0.0013827433628318584	0.006084070796460177	0.026825221238938053	0.00497787610619469	0.0005530973451327434	0.0011061946902654867	0.017146017699115043	0.04701327433628318	0.000829646017699115	0.011891592920353982
0.024059734513274336	0.03650442477876106	0.0019358407079646017	0.005807522123893806	0.035398230088495575	0.03761061946902655	0.000829646017699115	0.010508849557522125	0.0	0.019081858407079644	0.0	0.0038716814159292035	0.06222345132743363	0.07300884955752213	0.00165929203539823	0.013550884955752213	0.02350663716814159	0.02295353982300885	0.0011061946902654867	0.004424778761061947	0.022123893805309734	0.025719026548672565	0.0002765486725663717	0.004701327433628319	0.006084070796460177	0.009402654867256638	0.0005530973451327434	0.00165929203539823	0.060564159292035395	0.0713495575221239	0.002488938053097345	0.01327433628318584	0.02350663716814159	0.015763274336283186	0.000829646017699115	0.00165929203539823	0.028761061946902654	0.03263274336283186	0.0	0.004701327433628319	0.014103982300884955	0.03373893805309734	0.0019358407079646017	0.003595132743362832	0.01797566371681416	0.02157079646017699	0.0005530973451327434	0.0038716814159292035	0.0	0.028484513274336282	0.0	0.005807522123893806	0.01825221238938053	0.028761061946902654	0.000829646017699115	0.006084070796460177	0.025995575221238937	0.00497787610619469	0.0013827433628318584	0.0011061946902654867	0.01686946902654867	0.04756637168141593	0.0011061946902654867	0.01133849557522124
0.024059734513274336	0.03705752212389381	0.0019358407079646017	0.005254424778761062	0.0351216814159292	0.038993362831858405	0.0011061946902654867	0.009126106194690266	0.0	0.019081858407079644	0.0	0.0038716814159292035	0.06222345132743363	0.07300884955752213	0.00165929203539823	0.013550884955752213	0.023783185840707963	0.02295353982300885	0.000829646017699115	0.004424778761061947	0.022400442477876106	0.025442477876106196	0.0005530973451327434	0.004424778761061947	0.006360619469026549	0.009402654867256638	0.0005530973451327434	0.0013827433628318584	0.061670353982300884	0.07107300884955753	0.0027654867256637168	0.013550884955752213	0.02350663716814159	0.015763274336283186	0.000829646017699115	0.00165929203539823	0.028484513274336282	0.033185840707964605	0.0	0.004424778761061947	0.014103982300884955	0.03346238938053098	0.0019358407079646017	0.0038716814159292035	0.01825221238938053	0.021294247787610618	0.0005530973451327434	0.0038716814159292035	0.0	0.029037610619469027	0.0	0.005254424778761062	0.01825221238938053	0.028761061946902654	0.0002765486725663717	0.00663716814159292	0.02627212389380531	0.004701327433628319	0.0011061946902654867	0.0013827433628318584	0.015210176991150442	0.04701327433628318	0.0013827433628318584	0.011891592920353982
0.02295353982300885	0.036780973451327435	0.0030420353982300885	0.0055309734513274336	0.03456858407079646	0.038993362831858405	0.0011061946902654867	0.009679203539823008	0.0	0.019358407079646017	0.0	0.003595132743362832	0.06111725663716814	0.07245575221238938	0.0027654867256637168	0.014103982300884955	0.023783185840707963	0.02295353982300885	0.000829646017699115	0.004424778761061947	0.021847345132743362	0.025995575221238937	0.0011061946902654867	0.0038716814159292035	0.006360619469026549	0.009402654867256638	0.0005530973451327434	0.0013827433628318584	0.06305309734513274	0.07079646017699115	0.0019358407079646017	0.014103982300884955	0.023230088495575223	0.015210176991150442	0.0011061946902654867	0.0022123893805309734	0.028484513274336282	0.03290929203539823	0.0	0.004701327433628319	0.014103982300884955	0.03346238938053098	0.0019358407079646017	0.0038716814159292035	0.01825221238938053	0.02157079646017699	0.0005530973451327434	0.003595132743362832	0.0	0.029037610619469027	0.0	0.005254424778761062	0.01797566371681416	0.028761061946902654	0.0002765486725663717	0.006913716814159292	0.02654867256637168	0.004701327433628319	0.000829646017699115	0.0013827433628318584	0.014933628318584071	0.047289823008849555	0.000829646017699115	0.011615044247787611
0.023230088495575223	0.03650442477876106	0.0027654867256637168	0.005807522123893806	0.034015486725663714	0.03954646017699115	0.0013827433628318584	0.009402654867256638	0.0	0.01963495575221239	0.0	0.00331858407079646	0.06139380530973451	0.07300884955752213	0.002488938053097345	0.013550884955752213	0.02350663716814159	0.023230088495575223	0.0011061946902654867	0.004148230088495576	0.021847345132743362	0.025719026548672565	0.0011061946902654867	0.004148230088495576	0.006360619469026549	0.009679203539823008	0.0005530973451327434	0.0011061946902654867	0.06332964601769911	0.07245575221238938	0.002488938053097345	0.012444690265486726	0.02350663716814159	0.014933628318584071	0.000829646017699115	0.002488938053097345	0.028484513274336282	0.03290929203539823	0.0002765486725663717	0.004424778761061947	0.014380530973451327	0.03290929203539823	0.00165929203539823	0.004424778761061947	0.017699115044247787	0.02157079646017699	0.000829646017699115	0.0038716814159292035	0.0	0.02959070796460177	0.0	0.004701327433628319	0.017422566371681415	0.02820796460176991	0.000829646017699115	0.007466814159292036	0.02654867256637168	0.004701327433628319	0.000829646017699115	0.0013827433628318584	0.013827433628318585	0.0478429203539823	0.0011061946902654867	0.011061946902654867
0.024336283185840708	0.03650442477876106	0.00165929203539823	0.005807522123893806	0.034292035398230086	0.038993362831858405	0.0011061946902654867	0.00995575221238938	0.0	0.020464601769911505	0.0	0.002488938053097345	0.061670353982300884	0.07162610619469026	0.0022123893805309734	0.014933628318584071	0.024059734513274336	0.02295353982300885	0.0005530973451327434	0.004424778761061947	0.021847345132743362	0.02654867256637168	0.000829646017699115	0.003595132743362832	0.006360619469026549	0.00995575221238938	0.0005530973451327434	0.000829646017699115	0.06388274336283185	0.07162610619469026	0.0022123893805309734	0.01327433628318584	0.02295353982300885	0.015210176991150442	0.0013827433628318584	0.0022123893805309734	0.027931415929203538	0.03290929203539823	0.000829646017699115	0.004424778761061947	0.0146570796460177	0.033185840707964605	0.0013827433628318584	0.004148230088495576	0.017699115044247787	0.02157079646017699	0.000829646017699115	0.0038716814159292035	0.0	0.029867256637168143	0.0	0.004424778761061947	0.017146017699115043	0.02820796460176991	0.0011061946902654867	0.007466814159292036	0.02627212389380531	0.004701327433628319	0.0011061946902654867	0.0013827433628318584	0.014103982300884955	0.0478429203539823	0.0005530973451327434	0.011061946902654867
0.024336283185840708	0.03595132743362832	0.00165929203539823	0.006360619469026549	0.03456858407079646	0.03926991150442478	0.0005530973451327434	0.00995575221238938	0.0	0.01991150442477876	0.0	0.0030420353982300885	0.061670353982300884	0.07190265486725664	0.0022123893805309734	0.0146570796460177	0.023783185840707963	0.023230088495575223	0.000829646017699115	0.004148230088495576	0.02157079646017699	0.027101769911504425	0.000829646017699115	0.00331858407079646	0.006360619469026549	0.00995575221238938	0.000829646017699115	0.0005530973451327434	0.06360619469026549	0.07328539823008849	0.0022123893805309734	0.012168141592920354	0.02350663716814159	0.014933628318584071	0.000829646017699115	0.002488938053097345	0.027931415929203538	0.033185840707964605	0.0005530973451327434	0.004424778761061947	0.014103982300884955	0.034015486725663714	0.0019358407079646017	0.00331858407079646	0.017422566371681415	0.02157079646017699	0.0011061946902654867	0.0038716814159292035	0.0	0.029867256637168143	0.0	0.004424778761061947	0.017146017699115043	0.02820796460176991	0.0011061946902654867	0.007466814159292036	0.02627212389380531	0.004424778761061947	0.0011061946902654867	0.00165929203539823	0.013550884955752213	0.0478429203539823	0.000829646017699115	0.011061946902654867
0.024889380530973452	0.03650442477876106	0.0011061946902654867	0.005807522123893806	0.03456858407079646	0.040376106194690266	0.000829646017699115	0.008573008849557522	0.0	0.01991150442477876	0.0	0.0030420353982300885	0.061946902654867256	0.07273230088495575	0.0019358407079646017	0.013827433628318585	0.023783185840707963	0.02350663716814159	0.000829646017699115	0.0038716814159292035	0.02101769911504425	0.02765486725663717	0.0013827433628318584	0.0027654867256637168	0.006360619469026549	0.00995575221238938	0.000829646017699115	0.0005530973451327434	0.06388274336283185	0.07328539823008849	0.002488938053097345	0.011891592920353982	0.02350663716814159	0.0146570796460177	0.000829646017699115	0.0027654867256637168	0.027101769911504425	0.03373893805309734	0.000829646017699115	0.004424778761061947	0.014103982300884955	0.033185840707964605	0.0022123893805309734	0.0038716814159292035	0.017699115044247787	0.02157079646017699	0.0011061946902654867	0.003595132743362832	0.0	0.02959070796460177	0.0	0.004701327433628319	0.01686946902654867	0.028761061946902654	0.0011061946902654867	0.007190265486725664	0.02627212389380531	0.004424778761061947	0.0011061946902654867	0.00165929203539823	0.012997787610619468	0.04922566371681416	0.0011061946902654867	0.009679203539823008
0.025165929203539824	0.036780973451327435	0.000829646017699115	0.0055309734513274336	0.034015486725663714	0.03982300884955752	0.0013827433628318584	0.009126106194690266	0.0	0.01963495575221239	0.0	0.00331858407079646	0.061670353982300884	0.07383849557522124	0.0022123893805309734	0.012721238938053098	0.023783185840707963	0.024336283185840708	0.000829646017699115	0.0030420353982300885	0.02157079646017699	0.027101769911504425	0.0005530973451327434	0.003595132743362832	0.006360619469026549	0.010508849557522125	0.0005530973451327434	0.0002765486725663717	0.06415929203539823	0.07328539823008849	0.002488938053097345	0.012168141592920354	0.023783185840707963	0.014933628318584071	0.0005530973451327434	0.002488938053097345	0.027101769911504425	0.03373893805309734	0.000829646017699115	0.004424778761061947	0.014380530973451327	0.032079646017699116	0.0019358407079646017	0.00497787610619469	0.017699115044247787	0.021294247787610618	0.000829646017699115	0.004148230088495576	0.0	0.0293141592920354	0.0	0.00497787610619469	0.01686946902654867	0.02820796460176991	0.0013827433628318584	0.007466814159292036	0.02654867256637168	0.004701327433628319	0.000829646017699115	0.0013827433628318584	0.012444690265486726	0.048672566371681415	0.0011061946902654867	0.010232300884955753
0.025442477876106196	0.03622787610619469	0.0005530973451327434	0.006084070796460177	0.034292035398230086	0.03982300884955752	0.0011061946902654867	0.009126106194690266	0.0	0.019358407079646017	0.0	0.003595132743362832	0.06277654867256637	0.07328539823008849	0.0011061946902654867	0.01327433628318584	0.023783185840707963	0.023783185840707963	0.000829646017699115	0.003595132743362832	0.021847345132743362	0.027378318584070797	0.0002765486725663717	0.00331858407079646	0.006084070796460177	0.010508849557522125	0.000829646017699115	0.0002765486725663717	0.06332964601769911	0.07328539823008849	0.0019358407079646017	0.013550884955752213	0.02350663716814159	0.015486725663716814	0.000829646017699115	0.0019358407079646017	0.027101769911504425	0.034015486725663714	0.0011061946902654867	0.0038716814159292035	0.014933628318584071	0.031803097345132744	0.0013827433628318584	0.005254424778761062	0.01797566371681416	0.020741150442477877	0.0005530973451327434	0.004701327433628319	0.0	0.0293141592920354	0.0	0.00497787610619469	0.017146017699115043	0.028761061946902654	0.0011061946902654867	0.006913716814159292	0.026825221238938053	0.00497787610619469	0.0005530973451327434	0.0011061946902654867	0.012168141592920354	0.04811946902654867	0.0013827433628318584	0.010785398230088495
0.025165929203539824	0.03650442477876106	0.000829646017699115	0.005807522123893806	0.03373893805309734	0.040376106194690266	0.00165929203539823	0.008573008849557522	0.0	0.019358407079646017	0.0	0.003595132743362832	0.06277654867256637	0.07273230088495575	0.0011061946902654867	0.013827433628318585	0.023783185840707963	0.024059734513274336	0.000829646017699115	0.00331858407079646	0.02157079646017699	0.027378318584070797	0.0005530973451327434	0.00331858407079646	0.006084070796460177	0.010232300884955753	0.0005530973451327434	0.000829646017699115	0.06471238938053098	0.07356194690265487	0.002488938053097345	0.012997787610619468	0.023783185840707963	0.015210176991150442	0.0005530973451327434	0.0022123893805309734	0.027378318584070797	0.033185840707964605	0.000829646017699115	0.004701327433628319	0.015210176991150442	0.031803097345132744	0.00165929203539823	0.004701327433628319	0.01797566371681416	0.021294247787610618	0.0005530973451327434	0.004148230088495576	0.0	0.028761061946902654	0.0	0.0055309734513274336	0.017699115044247787	0.028484513274336282	0.0011061946902654867	0.00663716814159292	0.027101769911504425	0.00497787610619469	0.0002765486725663717	0.0011061946902654867	0.011061946902654867	0.04839601769911504	0.000829646017699115	0.010508849557522125
0.025442477876106196	0.03622787610619469	0.0005530973451327434	0.006084070796460177	0.03373893805309734	0.04120575221238938	0.00165929203539823	0.007743362831858407	0.0	0.019358407079646017	0.0	0.003595132743362832	0.0625	0.07300884955752213	0.0013827433628318584	0.013550884955752213	0.023230088495575223	0.023230088495575223	0.0013827433628318584	0.004148230088495576	0.02101769911504425	0.026825221238938053	0.000829646017699115	0.004148230088495576	0.005807522123893806	0.00995575221238938	0.0005530973451327434	0.0013827433628318584	0.06526548672566372	0.07328539823008849	0.002488938053097345	0.012997787610619468	0.024059734513274336	0.015763274336283186	0.0002765486725663717	0.00165929203539823	0.027378318584070797	0.033185840707964605	0.0005530973451327434	0.00497787610619469	0.014933628318584071	0.03152654867256637	0.00165929203539823	0.005254424778761062	0.018528761061946904	0.02157079646017699	0.0	0.0038716814159292035	0.0	0.029037610619469027	0.0	0.005254424778761062	0.01797566371681416	0.028761061946902654	0.0011061946902654867	0.006084070796460177	0.026825221238938053	0.00497787610619469	0.0005530973451327434	0.0011061946902654867	0.011061946902654867	0.048672566371681415	0.0005530973451327434	0.010232300884955753
0.02461283185840708	0.03650442477876106	0.0013827433628318584	0.005807522123893806	0.033185840707964605	0.041758849557522126	0.0022123893805309734	0.007190265486725664	0.0	0.01963495575221239	0.0	0.00331858407079646	0.06222345132743363	0.07245575221238938	0.00165929203539823	0.014103982300884955	0.023783185840707963	0.023230088495575223	0.000829646017699115	0.004148230088495576	0.021294247787610618	0.02654867256637168	0.0005530973451327434	0.004424778761061947	0.006084070796460177	0.009402654867256638	0.0002765486725663717	0.0019358407079646017	0.06471238938053098	0.07300884955752213	0.0027654867256637168	0.01327433628318584	0.024059734513274336	0.015763274336283186	0.0002765486725663717	0.00165929203539823	0.026825221238938053	0.034015486725663714	0.000829646017699115	0.004424778761061947	0.015763274336283186	0.03125	0.000829646017699115	0.0055309734513274336	0.01797566371681416	0.02101769911504425	0.0	0.00497787610619469	0.0	0.029037610619469027	0.0	0.005254424778761062	0.017699115044247787	0.02765486725663717	0.0013827433628318584	0.007190265486725664	0.025995575221238937	0.00497787610619469	0.0013827433628318584	0.0011061946902654867	0.01133849557522124	0.04756637168141593	0.0005530973451327434	0.01133849557522124
0.02461283185840708	0.036780973451327435	0.0013827433628318584	0.0055309734513274336	0.03373893805309734	0.041758849557522126	0.0022123893805309734	0.00663716814159292	0.0	0.018528761061946904	0.0	0.004424778761061947	0.061670353982300884	0.07162610619469026	0.0022123893805309734	0.014933628318584071	0.024059734513274336	0.023230088495575223	0.0005530973451327434	0.004148230088495576	0.021294247787610618	0.02654867256637168	0.000829646017699115	0.004148230088495576	0.006360619469026549	0.009402654867256638	0.0	0.0019358407079646017	0.06609513274336283	0.07300884955752213	0.0019358407079646017	0.013550884955752213	0.023783185840707963	0.015763274336283186	0.0005530973451327434	0.00165929203539823	0.027101769911504425	0.034292035398230086	0.000829646017699115	0.0038716814159292035	0.016039823008849558	0.030696902654867256	0.0011061946902654867	0.0055309734513274336	0.01797566371681416	0.020464601769911505	0.0	0.0055309734513274336	0.0	0.029037610619469027	0.0	0.005254424778761062	0.017422566371681415	0.027378318584070797	0.0011061946902654867	0.008019911504424779	0.025442477876106196	0.00497787610619469	0.0019358407079646017	0.0011061946902654867	0.010508849557522125	0.04701327433628318	0.0005530973451327434	0.011891592920353982
0.024059734513274336	0.03761061946902655	0.0019358407079646017	0.004701327433628319	0.034015486725663714	0.041758849557522126	0.00165929203539823	0.006913716814159292	0.0	0.018528761061946904	0.0	0.004424778761061947	0.061670353982300884	0.07190265486725664	0.0022123893805309734	0.0146570796460177	0.024059734513274336	0.023230088495575223	0.0005530973451327434	0.004148230088495576	0.020741150442477877	0.025719026548672565	0.0011061946902654867	0.005254424778761062	0.006360619469026549	0.009126106194690266	0.0	0.0022123893805309734	0.06581858407079647	0.07328539823008849	0.0019358407079646017	0.013550884955752213	0.023230088495575223	0.015210176991150442	0.0011061946902654867	0.0022123893805309734	0.026825221238938053	0.03456858407079646	0.000829646017699115	0.0038716814159292035	0.016039823008849558	0.030973451327433628	0.0013827433628318584	0.00497787610619469	0.01825221238938053	0.020188053097345133	0.0002765486725663717	0.005254424778761062	0.0	0.028761061946902654	0.0	0.0055309734513274336	0.017146017699115043	0.028761061946902654	0.0013827433628318584	0.00663716814159292	0.025995575221238937	0.005254424778761062	0.0013827433628318584	0.000829646017699115	0.010508849557522125	0.04701327433628318	0.0005530973451327434	0.011891592920353982
0.024336283185840708	0.03705752212389381	0.00165929203539823	0.005254424778761062	0.03346238938053098	0.042588495575221236	0.00165929203539823	0.00663716814159292	0.0	0.01797566371681416	0.0	0.00497787610619469	0.061946902654867256	0.07162610619469026	0.0019358407079646017	0.014933628318584071	0.024059734513274336	0.02295353982300885	0.0005530973451327434	0.004424778761061947	0.020464601769911505	0.02654867256637168	0.0013827433628318584	0.004424778761061947	0.006360619469026549	0.008849557522123894	0.0	0.002488938053097345	0.06609513274336283	0.07411504424778761	0.00165929203539823	0.01327433628318584	0.023230088495575223	0.015210176991150442	0.0011061946902654867	0.0022123893805309734	0.02654867256637168	0.033185840707964605	0.0011061946902654867	0.005254424778761062	0.015486725663716814	0.030420353982300884	0.0019358407079646017	0.0055309734513274336	0.01797566371681416	0.01991150442477876	0.0005530973451327434	0.0055309734513274336	0.0	0.028761061946902654	0.0	0.0055309734513274336	0.017146017699115043	0.028761061946902654	0.0013827433628318584	0.00663716814159292	0.025719026548672565	0.005254424778761062	0.00165929203539823	0.000829646017699115	0.00995575221238938	0.047289823008849555	0.0005530973451327434	0.011615044247787611
0.024059734513274336	0.03733407079646018	0.0019358407079646017	0.00497787610619469	0.033185840707964605	0.04231194690265487	0.0022123893805309734	0.00663716814159292	0.0	0.01797566371681416	0.0	0.00497787610619469	0.06305309734513274	0.072179203539823	0.000829646017699115	0.014380530973451327	0.02461283185840708	0.02295353982300885	0.0	0.004424778761061947	0.01991150442477876	0.027101769911504425	0.00165929203539823	0.004148230088495576	0.006084070796460177	0.008573008849557522	0.0002765486725663717	0.0027654867256637168	0.06554203539823009	0.07411504424778761	0.002488938053097345	0.012997787610619468	0.023230088495575223	0.015486725663716814	0.0011061946902654867	0.0019358407079646017	0.027101769911504425	0.03263274336283186	0.0005530973451327434	0.005807522123893806	0.016039823008849558	0.03014380530973451	0.0013827433628318584	0.005807522123893806	0.01797566371681416	0.01991150442477876	0.000829646017699115	0.005254424778761062	0.0	0.028484513274336282	0.0	0.005807522123893806	0.017699115044247787	0.029867256637168143	0.0011061946902654867	0.005254424778761062	0.025719026548672565	0.0055309734513274336	0.00165929203539823	0.0005530973451327434	0.010232300884955753	0.04811946902654867	0.0002765486725663717	0.010785398230088495
0.023230088495575223	0.03622787610619469	0.0027654867256637168	0.006084070796460177	0.034015486725663714	0.04286504424778761	0.00165929203539823	0.005807522123893806	0.0	0.017699115044247787	0.0	0.005254424778761062	0.06305309734513274	0.07190265486725664	0.000829646017699115	0.0146570796460177	0.02461283185840708	0.02295353982300885	0.0	0.004424778761061947	0.01991150442477876	0.027101769911504425	0.0013827433628318584	0.004424778761061947	0.005807522123893806	0.008573008849557522	0.0005530973451327434	0.0027654867256637168	0.06637168141592921	0.0752212389380531	0.002488938053097345	0.012168141592920354	0.023230088495575223	0.015486725663716814	0.0011061946902654867	0.0019358407079646017	0.02654867256637168	0.03235619469026549	0.0005530973451327434	0.00663716814159292	0.016592920353982302	0.03014380530973451	0.0005530973451327434	0.006084070796460177	0.017699115044247787	0.01963495575221239	0.0011061946902654867	0.0055309734513274336	0.0	0.028484513274336282	0.0	0.005807522123893806	0.017422566371681415	0.02959070796460177	0.0011061946902654867	0.005807522123893806	0.025719026548672565	0.0055309734513274336	0.00165929203539823	0.0005530973451327434	0.009126106194690266	0.04839601769911504	0.0002765486725663717	0.010508849557522125
0.02295353982300885	0.03622787610619469	0.0030420353982300885	0.006084070796460177	0.034015486725663714	0.04286504424778761	0.00165929203539823	0.005807522123893806	0.0	0.017422566371681415	0.0	0.0055309734513274336	0.06277654867256637	0.07190265486725664	0.0011061946902654867	0.0146570796460177	0.024059734513274336	0.023230088495575223	0.0005530973451327434	0.004148230088495576	0.01991150442477876	0.02765486725663717	0.0011061946902654867	0.004148230088495576	0.006084070796460177	0.008573008849557522	0.0002765486725663717	0.0027654867256637168	0.06664823008849557	0.07577433628318585	0.0027654867256637168	0.011615044247787611	0.02267699115044248	0.015486725663716814	0.00165929203539823	0.0019358407079646017	0.025995575221238937	0.03235619469026549	0.000829646017699115	0.006913716814159292	0.01686946902654867	0.02959070796460177	0.0002765486725663717	0.00663716814159292	0.01797566371681416	0.01991150442477876	0.0011061946902654867	0.00497787610619469	0.0	0.02765486725663717	0.0	0.00663716814159292	0.017146017699115043	0.0293141592920354	0.0019358407079646017	0.0055309734513274336	0.025719026548672565	0.0055309734513274336	0.00165929203539823	0.0005530973451327434	0.008849557522123894	0.04894911504424779	0.0	0.00995575221238938
0.023230088495575223	0.03595132743362832	0.0027654867256637168	0.006360619469026549	0.03373893805309734	0.04231194690265487	0.0019358407079646017	0.006360619469026549	0.0	0.01797566371681416	0.0	0.00497787610619469	0.061946902654867256	0.07273230088495575	0.0019358407079646017	0.013827433628318585	0.024336283185840708	0.023230088495575223	0.0002765486725663717	0.004148230088495576	0.020464601769911505	0.027931415929203538	0.0005530973451327434	0.0038716814159292035	0.006084070796460177	0.008573008849557522	0.0002765486725663717	0.0027654867256637168	0.06498893805309734	0.07577433628318585	0.0030420353982300885	0.011615044247787611	0.023230088495575223	0.016039823008849558	0.0011061946902654867	0.0013827433628318584	0.02627212389380531	0.031803097345132744	0.0005530973451327434	0.007466814159292036	0.016592920353982302	0.0293141592920354	0.0011061946902654867	0.006360619469026549	0.01825221238938053	0.020188053097345133	0.0005530973451327434	0.00497787610619469	0.0	0.02765486725663717	0.0	0.00663716814159292	0.017146017699115043	0.0293141592920354	0.0019358407079646017	0.0055309734513274336	0.025442477876106196	0.0055309734513274336	0.0019358407079646017	0.0005530973451327434	0.00995575221238938	0.04922566371681416	0.0002765486725663717	0.009679203539823008
0.02350663716814159	0.03567477876106195	0.002488938053097345	0.00663716814159292	0.03373893805309734	0.041482300884955754	0.0022123893805309734	0.006913716814159292	0.0	0.018528761061946904	0.0	0.004424778761061947	0.06111725663716814	0.07273230088495575	0.0027654867256637168	0.013827433628318585	0.02461283185840708	0.02350663716814159	0.0	0.0038716814159292035	0.020464601769911505	0.02820796460176991	0.0005530973451327434	0.003595132743362832	0.006084070796460177	0.008849557522123894	0.0002765486725663717	0.002488938053097345	0.06471238938053098	0.07577433628318585	0.003595132743362832	0.011615044247787611	0.02295353982300885	0.016039823008849558	0.0013827433628318584	0.0013827433628318584	0.025719026548672565	0.03235619469026549	0.0011061946902654867	0.006913716814159292	0.01631637168141593	0.029037610619469027	0.0005530973451327434	0.007466814159292036	0.018805309734513276	0.01963495575221239	0.0	0.0055309734513274336	0.0	0.027931415929203538	0.0	0.006360619469026549	0.017146017699115043	0.02820796460176991	0.00165929203539823	0.006913716814159292	0.024889380530973452	0.0055309734513274336	0.002488938053097345	0.0005530973451327434	0.00995575221238938	0.050055309734513276	0.0	0.008849557522123894
0.024059734513274336	0.035398230088495575	0.0019358407079646017	0.006913716814159292	0.03373893805309734	0.04120575221238938	0.0022123893805309734	0.007190265486725664	0.0	0.018528761061946904	0.0	0.004424778761061947	0.060564159292035395	0.07300884955752213	0.00331858407079646	0.013550884955752213	0.024059734513274336	0.024336283185840708	0.0005530973451327434	0.0030420353982300885	0.02101769911504425	0.02765486725663717	0.0002765486725663717	0.0038716814159292035	0.006084070796460177	0.009402654867256638	0.0002765486725663717	0.0019358407079646017	0.06471238938053098	0.07549778761061947	0.00331858407079646	0.012168141592920354	0.02295353982300885	0.015763274336283186	0.0013827433628318584	0.00165929203539823	0.025995575221238937	0.03235619469026549	0.000829646017699115	0.006913716814159292	0.015763274336283186	0.03014380530973451	0.0005530973451327434	0.006913716814159292	0.018805309734513276	0.020464601769911505	0.0	0.004701327433628319	0.0	0.028484513274336282	0.0	0.005807522123893806	0.017422566371681415	0.028484513274336282	0.00165929203539823	0.006360619469026549	0.025165929203539824	0.0055309734513274336	0.0022123893805309734	0.0005530973451327434	0.00995575221238938	0.04950221238938053	0.0	0.009402654867256638
0.025165929203539824	0.03567477876106195	0.000829646017699115	0.00663716814159292	0.034292035398230086	0.0420353982300885	0.0013827433628318584	0.00663716814159292	0.0	0.018805309734513276	0.0	0.004148230088495576	0.060564159292035395	0.07300884955752213	0.00331858407079646	0.013550884955752213	0.024059734513274336	0.024889380530973452	0.0005530973451327434	0.002488938053097345	0.020464601769911505	0.027931415929203538	0.000829646017699115	0.003595132743362832	0.006360619469026549	0.009126106194690266	0.0	0.0022123893805309734	0.06609513274336283	0.07605088495575221	0.002488938053097345	0.011615044247787611	0.023230088495575223	0.015486725663716814	0.0011061946902654867	0.0019358407079646017	0.025442477876106196	0.03290929203539823	0.0013827433628318584	0.006360619469026549	0.015486725663716814	0.030420353982300884	0.0005530973451327434	0.006913716814159292	0.018528761061946904	0.020741150442477877	0.0002765486725663717	0.004424778761061947	0.0	0.028484513274336282	0.0	0.005807522123893806	0.01797566371681416	0.028484513274336282	0.0011061946902654867	0.006360619469026549	0.025995575221238937	0.0055309734513274336	0.0013827433628318584	0.0005530973451327434	0.009402654867256638	0.04922566371681416	0.0	0.009679203539823008
0.024889380530973452	0.0351216814159292	0.0011061946902654867	0.007190265486725664	0.03484513274336283	0.041758849557522126	0.0013827433628318584	0.006360619469026549	0.0	0.01825221238938053	0.0	0.004701327433628319	0.06084070796460177	0.07328539823008849	0.0030420353982300885	0.01327433628318584	0.024059734513274336	0.02461283185840708	0.0005530973451327434	0.0027654867256637168	0.02101769911504425	0.027378318584070797	0.0005530973451327434	0.0038716814159292035	0.006360619469026549	0.009126106194690266	0.0	0.0022123893805309734	0.06498893805309734	0.07549778761061947	0.0030420353982300885	0.012444690265486726	0.023783185840707963	0.016039823008849558	0.0005530973451327434	0.0013827433628318584	0.02461283185840708	0.03263274336283186	0.002488938053097345	0.006360619469026549	0.015210176991150442	0.030420353982300884	0.000829646017699115	0.006913716814159292	0.01825221238938053	0.02101769911504425	0.000829646017699115	0.0038716814159292035	0.0	0.028484513274336282	0.0	0.005807522123893806	0.01686946902654867	0.02765486725663717	0.0013827433628318584	0.008019911504424779	0.025719026548672565	0.0055309734513274336	0.00165929203539823	0.0005530973451327434	0.009679203539823008	0.04839601769911504	0.0	0.010508849557522125
0.025165929203539824	0.03595132743362832	0.000829646017699115	0.006360619469026549	0.03456858407079646	0.04092920353982301	0.00165929203539823	0.007190265486725664	0.0	0.017699115044247787	0.0	0.005254424778761062	0.06028761061946902	0.07356194690265487	0.003595132743362832	0.012997787610619468	0.024059734513274336	0.024336283185840708	0.0005530973451327434	0.0030420353982300885	0.020464601769911505	0.026825221238938053	0.000829646017699115	0.004701327433628319	0.006360619469026549	0.009126106194690266	0.0002765486725663717	0.0019358407079646017	0.06498893805309734	0.07605088495575221	0.002488938053097345	0.012168141592920354	0.024059734513274336	0.015763274336283186	0.0002765486725663717	0.00165929203539823	0.024336283185840708	0.03263274336283186	0.0022123893805309734	0.006913716814159292	0.0146570796460177	0.030973451327433628	0.000829646017699115	0.006913716814159292	0.018528761061946904	0.020741150442477877	0.000829646017699115	0.0038716814159292035	0.0	0.02820796460176991	0.0	0.006084070796460177	0.017422566371681415	0.02765486725663717	0.0011061946902654867	0.007743362831858407	0.025165929203539824	0.006084070796460177	0.0022123893805309734	0.0	0.00995575221238938	0.04894911504424779	0.0	0.00995575221238938
0.024889380530973452	0.03567477876106195	0.0011061946902654867	0.00663716814159292	0.034292035398230086	0.041482300884955754	0.0019358407079646017	0.00663716814159292	0.0	0.017699115044247787	0.0	0.005254424778761062	0.059734513274336286	0.07300884955752213	0.004148230088495576	0.013550884955752213	0.023783185840707963	0.024336283185840708	0.000829646017699115	0.0030420353982300885	0.020188053097345133	0.02765486725663717	0.000829646017699115	0.004148230088495576	0.00663716814159292	0.009126106194690266	0.0002765486725663717	0.00165929203539823	0.06554203539823009	0.07577433628318585	0.002488938053097345	0.012721238938053098	0.023783185840707963	0.015486725663716814	0.0005530973451327434	0.0019358407079646017	0.024336283185840708	0.03346238938053098	0.0022123893805309734	0.006084070796460177	0.014933628318584071	0.03235619469026549	0.0005530973451327434	0.0055309734513274336	0.018805309734513276	0.02101769911504425	0.0005530973451327434	0.003595132743362832	0.0	0.027931415929203538	0.0	0.006360619469026549	0.01797566371681416	0.02820796460176991	0.000829646017699115	0.006913716814159292	0.025719026548672565	0.005807522123893806	0.00165929203539823	0.0002765486725663717	0.008849557522123894	0.048672566371681415	0.0002765486725663717	0.010232300884955753
0.024889380530973452	0.03595132743362832	0.0011061946902654867	0.006360619469026549	0.034015486725663714	0.041482300884955754	0.0022123893805309734	0.00663716814159292	0.0	0.01797566371681416	0.0	0.00497787610619469	0.059734513274336286	0.07383849557522124	0.004148230088495576	0.012721238938053098	0.023783185840707963	0.024059734513274336	0.000829646017699115	0.00331858407079646	0.020741150442477877	0.02820796460176991	0.0002765486725663717	0.003595132743362832	0.006913716814159292	0.009402654867256638	0.0	0.0013827433628318584	0.06526548672566372	0.07577433628318585	0.0027654867256637168	0.012168141592920354	0.023783185840707963	0.016039823008849558	0.0005530973451327434	0.0013827433628318584	0.024889380530973452	0.034015486725663714	0.0019358407079646017	0.005254424778761062	0.015210176991150442	0.03263274336283186	0.0002765486725663717	0.005254424778761062	0.019081858407079644	0.02101769911504425	0.0002765486725663717	0.003595132743362832	0.0	0.027931415929203538	0.0	0.006360619469026549	0.01825221238938053	0.028484513274336282	0.000829646017699115	0.006360619469026549	0.02654867256637168	0.005254424778761062	0.000829646017699115	0.000829646017699115	0.009402654867256638	0.04922566371681416	0.0002765486725663717	0.009679203539823008
0.025442477876106196	0.03595132743362832	0.0005530973451327434	0.006360619469026549	0.03484513274336283	0.04120575221238938	0.0013827433628318584	0.006913716814159292	0.0	0.01825221238938053	0.0	0.004701327433628319	0.059457964601769914	0.07328539823008849	0.004424778761061947	0.01327433628318584	0.023783185840707963	0.024059734513274336	0.000829646017699115	0.00331858407079646	0.020741150442477877	0.02765486725663717	0.0002765486725663717	0.004148230088495576	0.006913716814159292	0.009402654867256638	0.0	0.0013827433628318584	0.06554203539823009	0.07605088495575221	0.0030420353982300885	0.011615044247787611	0.024059734513274336	0.015763274336283186	0.0002765486725663717	0.00165929203539823	0.025442477876106196	0.034015486725663714	0.0013827433628318584	0.005254424778761062	0.015210176991150442	0.031803097345132744	0.0002765486725663717	0.006084070796460177	0.018805309734513276	0.020741150442477877	0.0005530973451327434	0.0038716814159292035	0.0	0.02765486725663717	0.0	0.00663716814159292	0.01797566371681416	0.028761061946902654	0.0011061946902654867	0.006084070796460177	0.02654867256637168	0.005254424778761062	0.000829646017699115	0.000829646017699115	0.008849557522123894	0.04922566371681416	0.0005530973451327434	0.009679203539823008
0.025442477876106196	0.03595132743362832	0.0005530973451327434	0.006360619469026549	0.03484513274336283	0.04120575221238938	0.0013827433628318584	0.006913716814159292	0.0	0.01825221238938053	0.0	0.004701327433628319	0.05807522123893805	0.07466814159292036	0.005807522123893806	0.011891592920353982	0.023783185840707963	0.024336283185840708	0.000829646017699115	0.0030420353982300885	0.020188053097345133	0.027931415929203538	0.0005530973451327434	0.004148230088495576	0.006913716814159292	0.009402654867256638	0.0	0.0013827433628318584	0.06388274336283185	0.07549778761061947	0.00331858407079646	0.012168141592920354	0.024059734513274336	0.014933628318584071	0.0002765486725663717	0.002488938053097345	0.025442477876106196	0.034292035398230086	0.0011061946902654867	0.005254424778761062	0.0146570796460177	0.03152654867256637	0.0005530973451327434	0.00663716814159292	0.019358407079646017	0.020464601769911505	0.0	0.004148230088495576	0.0	0.02765486725663717	0.0	0.00663716814159292	0.017146017699115043	0.029037610619469027	0.00165929203539823	0.006084070796460177	0.025995575221238937	0.00497787610619469	0.0013827433628318584	0.0011061946902654867	0.00995575221238938	0.04950221238938053	0.000829646017699115	0.009402654867256638
0.025442477876106196	0.035398230088495575	0.0005530973451327434	0.006913716814159292	0.03456858407079646	0.0420353982300885	0.00165929203539823	0.006084070796460177	0.0	0.01797566371681416	0.0	0.00497787610619469	0.058351769911504425	0.07605088495575221	0.0055309734513274336	0.010508849557522125	0.023783185840707963	0.024336283185840708	0.000829646017699115	0.0030420353982300885	0.020464601769911505	0.02820796460176991	0.0011061946902654867	0.0030420353982300885	0.006913716814159292	0.009126106194690266	0.0	0.00165929203539823	0.06305309734513274	0.07660398230088496	0.004148230088495576	0.011061946902654867	0.023783185840707963	0.0146570796460177	0.0005530973451327434	0.0027654867256637168	0.025165929203539824	0.034015486725663714	0.0011061946902654867	0.005807522123893806	0.014933628318584071	0.033185840707964605	0.0	0.005254424778761062	0.018805309734513276	0.021294247787610618	0.0005530973451327434	0.00331858407079646	0.0	0.02820796460176991	0.0	0.006084070796460177	0.017146017699115043	0.0293141592920354	0.00165929203539823	0.005807522123893806	0.02654867256637168	0.005254424778761062	0.000829646017699115	0.000829646017699115	0.010232300884955753	0.04894911504424779	0.0005530973451327434	0.00995575221238938
0.025442477876106196	0.03595132743362832	0.0005530973451327434	0.006360619469026549	0.034292035398230086	0.04231194690265487	0.00165929203539823	0.006084070796460177	0.0	0.01797566371681416	0.0	0.00497787610619469	0.05918141592920354	0.07605088495575221	0.004701327433628319	0.010508849557522125	0.024059734513274336	0.024336283185840708	0.0005530973451327434	0.0030420353982300885	0.01963495575221239	0.027931415929203538	0.0019358407079646017	0.00331858407079646	0.006913716814159292	0.009126106194690266	0.0	0.00165929203539823	0.0625	0.0771570796460177	0.003595132743362832	0.011061946902654867	0.023783185840707963	0.014933628318584071	0.0005530973451327434	0.002488938053097345	0.024889380530973452	0.03373893805309734	0.0013827433628318584	0.006084070796460177	0.014933628318584071	0.033185840707964605	0.0	0.005254424778761062	0.018805309734513276	0.020741150442477877	0.0002765486725663717	0.004148230088495576	0.0	0.02765486725663717	0.0	0.00663716814159292	0.017146017699115043	0.02959070796460177	0.00165929203539823	0.0055309734513274336	0.02627212389380531	0.0055309734513274336	0.0011061946902654867	0.0005530973451327434	0.011061946902654867	0.04922566371681416	0.0002765486725663717	0.009679203539823008
0.024889380530973452	0.03595132743362832	0.0011061946902654867	0.006360619469026549	0.034015486725663714	0.042588495575221236	0.0013827433628318584	0.006360619469026549	0.0	0.018528761061946904	0.0	0.004424778761061947	0.059457964601769914	0.07605088495575221	0.004424778761061947	0.010508849557522125	0.024059734513274336	0.024059734513274336	0.0005530973451327434	0.00331858407079646	0.020188053097345133	0.027931415929203538	0.00165929203539823	0.0030420353982300885	0.006913716814159292	0.009126106194690266	0.0	0.00165929203539823	0.06332964601769911	0.07688053097345132	0.0027654867256637168	0.011061946902654867	0.02295353982300885	0.015210176991150442	0.0013827433628318584	0.0022123893805309734	0.024889380530973452	0.034292035398230086	0.0011061946902654867	0.005807522123893806	0.014933628318584071	0.03346238938053098	0.0002765486725663717	0.004701327433628319	0.018805309734513276	0.021294247787610618	0.0	0.0038716814159292035	0.0	0.027931415929203538	0.0	0.006360619469026549	0.017422566371681415	0.02959070796460177	0.0013827433628318584	0.0055309734513274336	0.025995575221238937	0.0055309734513274336	0.0013827433628318584	0.0005530973451327434	0.011615044247787611	0.04894911504424779	0.0	0.00995575221238938
0.025165929203539824	0.03567477876106195	0.000829646017699115	0.00663716814159292	0.03456858407079646	0.04286504424778761	0.000829646017699115	0.006084070796460177	0.0	0.018528761061946904	0.0	0.004424778761061947	0.05918141592920354	0.07577433628318585	0.004701327433628319	0.010785398230088495	0.02350663716814159	0.02267699115044248	0.0011061946902654867	0.004701327433628319	0.020188053097345133	0.027101769911504425	0.0011061946902654867	0.004424778761061947	0.006913716814159292	0.008849557522123894	0.0	0.0019358407079646017	0.06360619469026549	0.07577433628318585	0.0030420353982300885	0.011615044247787611	0.02295353982300885	0.015210176991150442	0.0013827433628318584	0.0022123893805309734	0.02461283185840708	0.034015486725663714	0.0013827433628318584	0.006084070796460177	0.0146570796460177	0.03346238938053098	0.0002765486725663717	0.00497787610619469	0.019358407079646017	0.021294247787610618	0.0	0.00331858407079646	0.0	0.02765486725663717	0.0	0.00663716814159292	0.01825221238938053	0.0293141592920354	0.0011061946902654867	0.005254424778761062	0.02654867256637168	0.00497787610619469	0.000829646017699115	0.0011061946902654867	0.011615044247787611	0.04950221238938053	0.0	0.009402654867256638
0.024336283185840708	0.03595132743362832	0.00165929203539823	0.006360619469026549	0.03456858407079646	0.04231194690265487	0.000829646017699115	0.00663716814159292	0.0	0.019358407079646017	0.0	0.003595132743362832	0.059734513274336286	0.07549778761061947	0.004148230088495576	0.011061946902654867	0.02350663716814159	0.02295353982300885	0.0011061946902654867	0.004424778761061947	0.021294247787610618	0.027378318584070797	0.0002765486725663717	0.0038716814159292035	0.006913716814159292	0.008573008849557522	0.0	0.0022123893805309734	0.06554203539823009	0.0752212389380531	0.0027654867256637168	0.012168141592920354	0.02295353982300885	0.015210176991150442	0.0013827433628318584	0.0022123893805309734	0.024889380530973452	0.034015486725663714	0.0011061946902654867	0.006084070796460177	0.013827433628318585	0.03373893805309734	0.0011061946902654867	0.004701327433628319	0.019081858407079644	0.02157079646017699	0.0002765486725663717	0.0030420353982300885	0.0	0.02820796460176991	0.0	0.006084070796460177	0.018528761061946904	0.028761061946902654	0.0011061946902654867	0.0055309734513274336	0.02627212389380531	0.00497787610619469	0.0011061946902654867	0.0011061946902654867	0.00995575221238938	0.04894911504424779	0.0	0.00995575221238938
0.02461283185840708	0.03650442477876106	0.0013827433628318584	0.005807522123893806	0.03373893805309734	0.042588495575221236	0.00165929203539823	0.006360619469026549	0.0	0.019081858407079644	0.0	0.0038716814159292035	0.05890486725663717	0.07605088495575221	0.00497787610619469	0.010508849557522125	0.02295353982300885	0.02295353982300885	0.00165929203539823	0.004424778761061947	0.02101769911504425	0.02765486725663717	0.0	0.004148230088495576	0.00663716814159292	0.008573008849557522	0.0002765486725663717	0.0022123893805309734	0.06526548672566372	0.07577433628318585	0.002488938053097345	0.011615044247787611	0.02267699115044248	0.015486725663716814	0.00165929203539823	0.0019358407079646017	0.024889380530973452	0.034292035398230086	0.0011061946902654867	0.005807522123893806	0.013827433628318585	0.03373893805309734	0.0011061946902654867	0.004701327433628319	0.018805309734513276	0.021294247787610618	0.0002765486725663717	0.003595132743362832	0.0	0.029037610619469027	0.0	0.005254424778761062	0.01825221238938053	0.029037610619469027	0.0013827433628318584	0.005254424778761062	0.02654867256637168	0.004701327433628319	0.000829646017699115	0.0013827433628318584	0.010508849557522125	0.048672566371681415	0.0	0.010232300884955753
0.024889380530973452	0.035398230088495575	0.0011061946902654867	0.006913716814159292	0.03235619469026549	0.0420353982300885	0.0027654867256637168	0.007190265486725664	0.0	0.019081858407079644	0.0	0.0038716814159292035	0.059734513274336286	0.07632743362831858	0.004148230088495576	0.010232300884955753	0.023230088495575223	0.02267699115044248	0.0013827433628318584	0.004701327433628319	0.020741150442477877	0.028484513274336282	0.0002765486725663717	0.00331858407079646	0.00663716814159292	0.008573008849557522	0.0005530973451327434	0.0019358407079646017	0.06388274336283185	0.07688053097345132	0.002488938053097345	0.00995575221238938	0.02295353982300885	0.015486725663716814	0.0013827433628318584	0.0019358407079646017	0.024336283185840708	0.034292035398230086	0.0013827433628318584	0.006084070796460177	0.014103982300884955	0.034015486725663714	0.000829646017699115	0.004424778761061947	0.018528761061946904	0.021294247787610618	0.000829646017699115	0.00331858407079646	0.0	0.02959070796460177	0.0	0.004701327433628319	0.01825221238938053	0.029037610619469027	0.0013827433628318584	0.005254424778761062	0.02654867256637168	0.004701327433628319	0.000829646017699115	0.0013827433628318584	0.011615044247787611	0.04894911504424779	0.000829646017699115	0.00995575221238938
0.024889380530973452	0.03484513274336283	0.0011061946902654867	0.007466814159292036	0.03290929203539823	0.0420353982300885	0.0022123893805309734	0.007190265486725664	0.0	0.019358407079646017	0.0	0.003595132743362832	0.05918141592920354	0.07660398230088496	0.004701327433628319	0.00995575221238938	0.023783185840707963	0.02295353982300885	0.000829646017699115	0.004424778761061947	0.01963495575221239	0.028484513274336282	0.0011061946902654867	0.003595132743362832	0.00663716814159292	0.008573008849557522	0.0005530973451327434	0.0019358407079646017	0.06415929203539823	0.07605088495575221	0.0013827433628318584	0.01133849557522124	0.023230088495575223	0.015486725663716814	0.0011061946902654867	0.0019358407079646017	0.024059734513274336	0.03373893805309734	0.00165929203539823	0.00663716814159292	0.014380530973451327	0.033185840707964605	0.0005530973451327434	0.005254424778761062	0.018805309734513276	0.021294247787610618	0.0005530973451327434	0.00331858407079646	0.0	0.02959070796460177	0.0	0.004701327433628319	0.01797566371681416	0.028484513274336282	0.00165929203539823	0.005807522123893806	0.02627212389380531	0.00497787610619469	0.0011061946902654867	0.0011061946902654867	0.011615044247787611	0.04894911504424779	0.0011061946902654867	0.00995575221238938
0.024889380530973452	0.0351216814159292	0.0011061946902654867	0.007190265486725664	0.03290929203539823	0.04120575221238938	0.00165929203539823	0.008573008849557522	0.0	0.019081858407079644	0.0	0.0038716814159292035	0.06001106194690266	0.07605088495575221	0.0038716814159292035	0.010508849557522125	0.024059734513274336	0.023230088495575223	0.0005530973451327434	0.004148230088495576	0.01963495575221239	0.02765486725663717	0.000829646017699115	0.004701327433628319	0.00663716814159292	0.008849557522123894	0.0005530973451327434	0.00165929203539823	0.06415929203539823	0.0752212389380531	0.0013827433628318584	0.012168141592920354	0.02350663716814159	0.015486725663716814	0.000829646017699115	0.0019358407079646017	0.023783185840707963	0.03373893805309734	0.0011061946902654867	0.007466814159292036	0.0146570796460177	0.03290929203539823	0.0002765486725663717	0.0055309734513274336	0.019081858407079644	0.020741150442477877	0.0002765486725663717	0.0038716814159292035	0.0	0.02959070796460177	0.0	0.004701327433628319	0.01825221238938053	0.02820796460176991	0.0013827433628318584	0.006084070796460177	0.02654867256637168	0.00497787610619469	0.000829646017699115	0.0011061946902654867	0.011615044247787611	0.04894911504424779	0.0011061946902654867	0.00995575221238938
0.024889380530973452	0.03595132743362832	0.0011061946902654867	0.006360619469026549	0.03235619469026549	0.04065265486725664	0.0022123893805309734	0.009126106194690266	0.0	0.018805309734513276	0.0	0.004148230088495576	0.06084070796460177	0.07605088495575221	0.0030420353982300885	0.010508849557522125	0.023783185840707963	0.02295353982300885	0.000829646017699115	0.004424778761061947	0.019358407079646017	0.027931415929203538	0.0011061946902654867	0.004424778761061947	0.006913716814159292	0.009126106194690266	0.0005530973451327434	0.0011061946902654867	0.06471238938053098	0.07549778761061947	0.0013827433628318584	0.011615044247787611	0.024059734513274336	0.015210176991150442	0.0002765486725663717	0.0022123893805309734	0.023783185840707963	0.03484513274336283	0.000829646017699115	0.00663716814159292	0.014933628318584071	0.03346238938053098	0.0	0.00497787610619469	0.019358407079646017	0.020464601769911505	0.0002765486725663717	0.0038716814159292035	0.0	0.029867256637168143	0.0	0.004424778761061947	0.01825221238938053	0.02820796460176991	0.0013827433628318584	0.006084070796460177	0.02654867256637168	0.00497787610619469	0.000829646017699115	0.0011061946902654867	0.01133849557522124	0.04894911504424779	0.0011061946902654867	0.00995575221238938
0.02461283185840708	0.03650442477876106	0.0013827433628318584	0.005807522123893806	0.03125	0.041758849557522126	0.0030420353982300885	0.008296460176991151	0.0	0.018528761061946904	0.0	0.004424778761061947	0.06084070796460177	0.07549778761061947	0.0030420353982300885	0.011061946902654867	0.023783185840707963	0.023230088495575223	0.000829646017699115	0.004148230088495576	0.018805309734513276	0.02765486725663717	0.0011061946902654867	0.005254424778761062	0.007190265486725664	0.009126106194690266	0.0002765486725663717	0.0011061946902654867	0.06554203539823009	0.0752212389380531	0.00165929203539823	0.011891592920353982	0.024059734513274336	0.014933628318584071	0.0002765486725663717	0.002488938053097345	0.02295353982300885	0.03567477876106195	0.0011061946902654867	0.006360619469026549	0.014380530973451327	0.033185840707964605	0.0002765486725663717	0.0055309734513274336	0.018805309734513276	0.021294247787610618	0.000829646017699115	0.0030420353982300885	0.0	0.02959070796460177	0.0	0.004701327433628319	0.019081858407079644	0.02820796460176991	0.000829646017699115	0.005807522123893806	0.026825221238938053	0.0055309734513274336	0.0005530973451327434	0.0005530973451327434	0.010785398230088495	0.04950221238938053	0.0005530973451327434	0.009402654867256638
0.024059734513274336	0.03650442477876106	0.0019358407079646017	0.005807522123893806	0.03263274336283186	0.041758849557522126	0.0019358407079646017	0.008019911504424779	0.0	0.018528761061946904	0.0	0.004424778761061947	0.06139380530973451	0.07494469026548672	0.002488938053097345	0.011615044247787611	0.024336283185840708	0.022400442477876106	0.0002765486725663717	0.00497787610619469	0.018805309734513276	0.027378318584070797	0.0011061946902654867	0.0055309734513274336	0.007190265486725664	0.009402654867256638	0.0002765486725663717	0.000829646017699115	0.0644358407079646	0.07660398230088496	0.00331858407079646	0.010508849557522125	0.023783185840707963	0.014933628318584071	0.0005530973451327434	0.002488938053097345	0.022400442477876106	0.035398230088495575	0.0013827433628318584	0.006913716814159292	0.014380530973451327	0.03263274336283186	0.0002765486725663717	0.006084070796460177	0.018528761061946904	0.02101769911504425	0.000829646017699115	0.003595132743362832	0.0	0.03014380530973451	0.0	0.004148230088495576	0.018805309734513276	0.02820796460176991	0.0013827433628318584	0.0055309734513274336	0.027101769911504425	0.005254424778761062	0.0002765486725663717	0.000829646017699115	0.010232300884955753	0.04894911504424779	0.0005530973451327434	0.00995575221238938
0.023783185840707963	0.03650442477876106	0.0022123893805309734	0.005807522123893806	0.03263274336283186	0.041758849557522126	0.0022123893805309734	0.007743362831858407	0.0	0.019081858407079644	0.0	0.0038716814159292035	0.06111725663716814	0.07466814159292036	0.0027654867256637168	0.011891592920353982	0.023783185840707963	0.022400442477876106	0.000829646017699115	0.00497787610619469	0.018805309734513276	0.02820796460176991	0.0005530973451327434	0.005254424778761062	0.006913716814159292	0.009402654867256638	0.0005530973451327434	0.000829646017699115	0.06305309734513274	0.07660398230088496	0.003595132743362832	0.010232300884955753	0.024336283185840708	0.014933628318584071	0.0	0.002488938053097345	0.022400442477876106	0.0351216814159292	0.0013827433628318584	0.007190265486725664	0.014380530973451327	0.033185840707964605	0.000829646017699115	0.00497787610619469	0.01797566371681416	0.02101769911504425	0.000829646017699115	0.004148230088495576	0.0	0.030420353982300884	0.0	0.0038716814159292035	0.01963495575221239	0.028484513274336282	0.0005530973451327434	0.005254424778761062	0.02627212389380531	0.00497787610619469	0.0011061946902654867	0.0011061946902654867	0.011615044247787611	0.04922566371681416	0.0005530973451327434	0.009679203539823008
0.02461283185840708	0.03650442477876106	0.0013827433628318584	0.005807522123893806	0.03263274336283186	0.0420353982300885	0.00165929203539823	0.008019911504424779	0.0	0.018528761061946904	0.0	0.004424778761061947	0.061946902654867256	0.07439159292035398	0.0019358407079646017	0.012168141592920354	0.02350663716814159	0.02267699115044248	0.0011061946902654867	0.004701327433628319	0.018528761061946904	0.028761061946902654	0.0005530973451327434	0.00497787610619469	0.006913716814159292	0.009402654867256638	0.0005530973451327434	0.000829646017699115	0.06332964601769911	0.07605088495575221	0.0030420353982300885	0.010785398230088495	0.024336283185840708	0.015210176991150442	0.0	0.0022123893805309734	0.022123893805309734	0.035398230088495575	0.0013827433628318584	0.007190265486725664	0.014933628318584071	0.033185840707964605	0.0005530973451327434	0.004701327433628319	0.01825221238938053	0.02157079646017699	0.0005530973451327434	0.003595132743362832	0.0	0.029867256637168143	0.0	0.004424778761061947	0.019358407079646017	0.028761061946902654	0.000829646017699115	0.00497787610619469	0.02627212389380531	0.00497787610619469	0.0011061946902654867	0.0011061946902654867	0.011891592920353982	0.04839601769911504	0.0005530973451327434	0.010508849557522125
0.024889380530973452	0.03595132743362832	0.0011061946902654867	0.006360619469026549	0.03235619469026549	0.04231194690265487	0.0022123893805309734	0.007466814159292036	0.0	0.01825221238938053	0.0	0.004701327433628319	0.06222345132743363	0.07356194690265487	0.00165929203539823	0.012997787610619468	0.02295353982300885	0.02267699115044248	0.00165929203539823	0.004701327433628319	0.018528761061946904	0.028761061946902654	0.0002765486725663717	0.005254424778761062	0.006913716814159292	0.009126106194690266	0.0005530973451327434	0.0011061946902654867	0.06415929203539823	0.0771570796460177	0.002488938053097345	0.010232300884955753	0.024336283185840708	0.015210176991150442	0.0	0.0022123893805309734	0.02295353982300885	0.035398230088495575	0.000829646017699115	0.006913716814159292	0.014933628318584071	0.033185840707964605	0.0005530973451327434	0.004701327433628319	0.018528761061946904	0.021294247787610618	0.0005530973451327434	0.003595132743362832	0.0	0.03014380530973451	0.0	0.004148230088495576	0.019081858407079644	0.029037610619469027	0.0005530973451327434	0.005254424778761062	0.02627212389380531	0.005254424778761062	0.0011061946902654867	0.000829646017699115	0.011061946902654867	0.04894911504424779	0.0005530973451327434	0.00995575221238938
0.025165929203539824	0.03595132743362832	0.000829646017699115	0.006360619469026549	0.033185840707964605	0.04314159292035398	0.0011061946902654867	0.006913716814159292	0.0	0.018528761061946904	0.0	0.004424778761061947	0.06222345132743363	0.07328539823008849	0.00165929203539823	0.01327433628318584	0.02295353982300885	0.02267699115044248	0.00165929203539823	0.004701327433628319	0.01797566371681416	0.028761061946902654	0.000829646017699115	0.005254424778761062	0.007190265486725664	0.009126106194690266	0.0002765486725663717	0.0011061946902654867	0.0644358407079646	0.07688053097345132	0.0022123893805309734	0.010785398230088495	0.024059734513274336	0.014933628318584071	0.0002765486725663717	0.002488938053097345	0.02267699115044248	0.035398230088495575	0.0013827433628318584	0.00663716814159292	0.0146570796460177	0.03290929203539823	0.0005530973451327434	0.005254424778761062	0.017699115044247787	0.02157079646017699	0.0013827433628318584	0.00331858407079646	0.0	0.030973451327433628	0.0	0.00331858407079646	0.018805309734513276	0.029037610619469027	0.0005530973451327434	0.0055309734513274336	0.025995575221238937	0.005254424778761062	0.0013827433628318584	0.000829646017699115	0.011061946902654867	0.050055309734513276	0.0002765486725663717	0.008849557522123894
0.025165929203539824	0.03650442477876106	0.000829646017699115	0.005807522123893806	0.033185840707964605	0.04314159292035398	0.0011061946902654867	0.006913716814159292	0.0	0.018805309734513276	0.0	0.004148230088495576	0.061946902654867256	0.07245575221238938	0.0019358407079646017	0.014103982300884955	0.02350663716814159	0.022400442477876106	0.0011061946902654867	0.00497787610619469	0.017699115044247787	0.027931415929203538	0.0011061946902654867	0.006084070796460177	0.007190265486725664	0.008573008849557522	0.0002765486725663717	0.00165929203539823	0.06415929203539823	0.07577433628318585	0.0030420353982300885	0.01133849557522124	0.024059734513274336	0.015210176991150442	0.0002765486725663717	0.0022123893805309734	0.02267699115044248	0.0351216814159292	0.0011061946902654867	0.007190265486725664	0.014933628318584071	0.03290929203539823	0.0005530973451327434	0.00497787610619469	0.017422566371681415	0.021847345132743362	0.0013827433628318584	0.00331858407079646	0.0	0.030973451327433628	0.0	0.00331858407079646	0.017699115044247787	0.0293141592920354	0.0013827433628318584	0.0055309734513274336	0.02627212389380531	0.005254424778761062	0.0011061946902654867	0.000829646017699115	0.011061946902654867	0.04894911504424779	0.0002765486725663717	0.00995575221238938
0.024889380530973452	0.03733407079646018	0.0011061946902654867	0.00497787610619469	0.033185840707964605	0.04314159292035398	0.0011061946902654867	0.006913716814159292	0.0	0.019081858407079644	0.0	0.0038716814159292035	0.06277654867256637	0.07107300884955753	0.0011061946902654867	0.015486725663716814	0.02350663716814159	0.022400442477876106	0.0011061946902654867	0.00497787610619469	0.017699115044247787	0.027378318584070797	0.0011061946902654867	0.00663716814159292	0.006913716814159292	0.008573008849557522	0.0005530973451327434	0.00165929203539823	0.06526548672566372	0.07605088495575221	0.00165929203539823	0.011061946902654867	0.023783185840707963	0.015210176991150442	0.0005530973451327434	0.0022123893805309734	0.023783185840707963	0.0351216814159292	0.000829646017699115	0.006360619469026549	0.015210176991150442	0.03263274336283186	0.0002765486725663717	0.005254424778761062	0.01686946902654867	0.02157079646017699	0.00165929203539823	0.0038716814159292035	0.0	0.03125	0.0	0.0030420353982300885	0.01825221238938053	0.029867256637168143	0.0005530973451327434	0.005254424778761062	0.02627212389380531	0.005254424778761062	0.0011061946902654867	0.000829646017699115	0.011061946902654867	0.04922566371681416	0.0005530973451327434	0.009679203539823008
0.02461283185840708	0.03705752212389381	0.0013827433628318584	0.005254424778761062	0.03263274336283186	0.04231194690265487	0.00165929203539823	0.007743362831858407	0.0	0.019081858407079644	0.0	0.0038716814159292035	0.06277654867256637	0.07079646017699115	0.0011061946902654867	0.015763274336283186	0.023230088495575223	0.021847345132743362	0.0013827433628318584	0.0055309734513274336	0.01825221238938053	0.027101769911504425	0.0005530973451327434	0.006913716814159292	0.00663716814159292	0.008296460176991151	0.000829646017699115	0.0019358407079646017	0.06637168141592921	0.07439159292035398	0.002488938053097345	0.012721238938053098	0.023783185840707963	0.014103982300884955	0.0005530973451327434	0.00331858407079646	0.024059734513274336	0.03484513274336283	0.0005530973451327434	0.00663716814159292	0.015210176991150442	0.03235619469026549	0.0002765486725663717	0.0055309734513274336	0.016592920353982302	0.022123893805309734	0.0011061946902654867	0.004148230088495576	0.0	0.031803097345132744	0.0	0.002488938053097345	0.01797566371681416	0.03014380530973451	0.0002765486725663717	0.0055309734513274336	0.02654867256637168	0.005254424778761062	0.000829646017699115	0.000829646017699115	0.009402654867256638	0.04922566371681416	0.0002765486725663717	0.009679203539823008
0.024889380530973452	0.03622787610619469	0.0011061946902654867	0.006084070796460177	0.03290929203539823	0.041758849557522126	0.0013827433628318584	0.008296460176991151	0.0	0.019081858407079644	0.0	0.0038716814159292035	0.06139380530973451	0.0702433628318584	0.002488938053097345	0.01631637168141593	0.023230088495575223	0.02350663716814159	0.0013827433628318584	0.0038716814159292035	0.018528761061946904	0.02627212389380531	0.0005530973451327434	0.007466814159292036	0.006360619469026549	0.008019911504424779	0.0011061946902654867	0.0022123893805309734	0.06526548672566372	0.07466814159292036	0.0030420353982300885	0.012168141592920354	0.024059734513274336	0.014103982300884955	0.0002765486725663717	0.00331858407079646	0.024059734513274336	0.0351216814159292	0.000829646017699115	0.006084070796460177	0.014933628318584071	0.032079646017699116	0.0002765486725663717	0.006084070796460177	0.01631637168141593	0.021847345132743362	0.0011061946902654867	0.004701327433628319	0.0	0.03152654867256637	0.0	0.0027654867256637168	0.01797566371681416	0.030420353982300884	0.0005530973451327434	0.00497787610619469	0.026825221238938053	0.005254424778761062	0.0005530973451327434	0.000829646017699115	0.010232300884955753	0.04894911504424779	0.0002765486725663717	0.00995575221238938
0.025165929203539824	0.03650442477876106	0.000829646017699115	0.005807522123893806	0.03263274336283186	0.04231194690265487	0.00165929203539823	0.007743362831858407	0.0	0.01963495575221239	0.0	0.00331858407079646	0.061946902654867256	0.07051991150442478	0.0019358407079646017	0.016039823008849558	0.02350663716814159	0.02295353982300885	0.0011061946902654867	0.004424778761061947	0.018528761061946904	0.02627212389380531	0.000829646017699115	0.007190265486725664	0.00663716814159292	0.008019911504424779	0.000829646017699115	0.0022123893805309734	0.06554203539823009	0.07549778761061947	0.0022123893805309734	0.012168141592920354	0.02350663716814159	0.014103982300884955	0.000829646017699115	0.00331858407079646	0.023783185840707963	0.0351216814159292	0.0011061946902654867	0.006084070796460177	0.015210176991150442	0.03290929203539823	0.0	0.005254424778761062	0.016039823008849558	0.022400442477876106	0.0011061946902654867	0.004424778761061947	0.0	0.032079646017699116	0.0	0.0022123893805309734	0.01797566371681416	0.030973451327433628	0.0002765486725663717	0.004701327433628319	0.02654867256637168	0.005254424778761062	0.000829646017699115	0.000829646017699115	0.00995575221238938	0.048672566371681415	0.0002765486725663717	0.010232300884955753
0.024889380530973452	0.03595132743362832	0.0011061946902654867	0.006360619469026549	0.03290929203539823	0.04231194690265487	0.00165929203539823	0.007466814159292036	0.0	0.019081858407079644	0.0	0.0038716814159292035	0.061946902654867256	0.0713495575221239	0.0019358407079646017	0.015210176991150442	0.023783185840707963	0.02295353982300885	0.000829646017699115	0.004424778761061947	0.018528761061946904	0.027378318584070797	0.000829646017699115	0.006084070796460177	0.006913716814159292	0.008019911504424779	0.000829646017699115	0.0019358407079646017	0.06305309734513274	0.07494469026548672	0.0027654867256637168	0.013550884955752213	0.02295353982300885	0.013827433628318585	0.0013827433628318584	0.003595132743362832	0.02350663716814159	0.034015486725663714	0.0013827433628318584	0.007190265486725664	0.014103982300884955	0.03290929203539823	0.0005530973451327434	0.005807522123893806	0.015763274336283186	0.022400442477876106	0.0013827433628318584	0.004424778761061947	0.0	0.032079646017699116	0.0	0.0022123893805309734	0.016592920353982302	0.03125	0.000829646017699115	0.005254424778761062	0.026825221238938053	0.005254424778761062	0.0005530973451327434	0.000829646017699115	0.01133849557522124	0.049778761061946904	0.0	0.009126106194690266
0.024889380530973452	0.03622787610619469	0.0011061946902654867	0.006084070796460177	0.03346238938053098	0.042588495575221236	0.0011061946902654867	0.007190265486725664	0.0	0.01963495575221239	0.0	0.00331858407079646	0.060564159292035395	0.07107300884955753	0.00331858407079646	0.015486725663716814	0.024059734513274336	0.02350663716814159	0.0005530973451327434	0.0038716814159292035	0.018805309734513276	0.02765486725663717	0.0005530973451327434	0.005807522123893806	0.007190265486725664	0.008296460176991151	0.0005530973451327434	0.00165929203539823	0.06360619469026549	0.07660398230088496	0.002488938053097345	0.012168141592920354	0.023230088495575223	0.013827433628318585	0.0011061946902654867	0.003595132743362832	0.02350663716814159	0.03373893805309734	0.0013827433628318584	0.007466814159292036	0.014103982300884955	0.034015486725663714	0.0005530973451327434	0.004701327433628319	0.015486725663716814	0.022400442477876106	0.00165929203539823	0.004424778761061947	0.0	0.032079646017699116	0.0	0.0022123893805309734	0.016592920353982302	0.03014380530973451	0.0011061946902654867	0.006084070796460177	0.02654867256637168	0.005254424778761062	0.000829646017699115	0.000829646017699115	0.010785398230088495	0.05033185840707965	0.0	0.008573008849557522
0.024889380530973452	0.03622787610619469	0.0011061946902654867	0.006084070796460177	0.033185840707964605	0.042588495575221236	0.00165929203539823	0.006913716814159292	0.0	0.019358407079646017	0.0	0.003595132743362832	0.06111725663716814	0.0713495575221239	0.0027654867256637168	0.015210176991150442	0.024059734513274336	0.02350663716814159	0.0005530973451327434	0.0038716814159292035	0.018528761061946904	0.02820796460176991	0.0005530973451327434	0.0055309734513274336	0.007190265486725664	0.008296460176991151	0.0005530973451327434	0.00165929203539823	0.06305309734513274	0.07688053097345132	0.0022123893805309734	0.012721238938053098	0.023783185840707963	0.014103982300884955	0.0005530973451327434	0.00331858407079646	0.023783185840707963	0.034292035398230086	0.0011061946902654867	0.006913716814159292	0.014380530973451327	0.03346238938053098	0.0002765486725663717	0.005254424778761062	0.015486725663716814	0.022123893805309734	0.00165929203539823	0.004701327433628319	0.0	0.03235619469026549	0.0	0.0019358407079646017	0.01686946902654867	0.030420353982300884	0.0011061946902654867	0.0055309734513274336	0.026825221238938053	0.005254424778761062	0.0005530973451327434	0.000829646017699115	0.010785398230088495	0.05033185840707965	0.0	0.008573008849557522
0.02461283185840708	0.03733407079646018	0.0013827433628318584	0.00497787610619469	0.032079646017699116	0.041482300884955754	0.00331858407079646	0.007466814159292036	0.0	0.019358407079646017	0.0	0.003595132743362832	0.061670353982300884	0.07107300884955753	0.0022123893805309734	0.015486725663716814	0.023783185840707963	0.02350663716814159	0.000829646017699115	0.0038716814159292035	0.018528761061946904	0.028761061946902654	0.0005530973451327434	0.00497787610619469	0.00663716814159292	0.008019911504424779	0.0011061946902654867	0.0019358407079646017	0.06360619469026549	0.0752212389380531	0.0022123893805309734	0.014380530973451327	0.02350663716814159	0.013827433628318585	0.000829646017699115	0.003595132743362832	0.023230088495575223	0.03456858407079646	0.0013827433628318584	0.006913716814159292	0.013550884955752213	0.03290929203539823	0.0011061946902654867	0.005807522123893806	0.015763274336283186	0.02157079646017699	0.0013827433628318584	0.005254424778761062	0.0	0.03152654867256637	0.0	0.0027654867256637168	0.016592920353982302	0.030696902654867256	0.0013827433628318584	0.005254424778761062	0.026825221238938053	0.005254424778761062	0.0005530973451327434	0.000829646017699115	0.00995575221238938	0.04922566371681416	0.0002765486725663717	0.009679203539823008
0.024889380530973452	0.03733407079646018	0.0011061946902654867	0.00497787610619469	0.03235619469026549	0.04120575221238938	0.0027654867256637168	0.008019911504424779	0.0	0.019081858407079644	0.0	0.0038716814159292035	0.06084070796460177	0.07162610619469026	0.0030420353982300885	0.014933628318584071	0.023783185840707963	0.023230088495575223	0.000829646017699115	0.004148230088495576	0.01825221238938053	0.028761061946902654	0.000829646017699115	0.00497787610619469	0.00663716814159292	0.008019911504424779	0.0011061946902654867	0.0019358407079646017	0.06305309734513274	0.07494469026548672	0.0027654867256637168	0.0146570796460177	0.02350663716814159	0.014103982300884955	0.000829646017699115	0.00331858407079646	0.02295353982300885	0.03346238938053098	0.00165929203539823	0.008019911504424779	0.012997787610619468	0.033185840707964605	0.00165929203539823	0.0055309734513274336	0.014933628318584071	0.022400442477876106	0.0019358407079646017	0.004701327433628319	0.0	0.030696902654867256	0.0	0.003595132743362832	0.016592920353982302	0.030973451327433628	0.0011061946902654867	0.005254424778761062	0.027101769911504425	0.00497787610619469	0.0002765486725663717	0.0011061946902654867	0.00995575221238938	0.04839601769911504	0.0002765486725663717	0.010508849557522125
0.02461283185840708	0.03761061946902655	0.0013827433628318584	0.004701327433628319	0.03263274336283186	0.041758849557522126	0.002488938053097345	0.007466814159292036	0.0	0.019081858407079644	0.0	0.0038716814159292035	0.060564159292035395	0.07245575221238938	0.00331858407079646	0.014103982300884955	0.024059734513274336	0.02295353982300885	0.0005530973451327434	0.004424778761061947	0.01825221238938053	0.029867256637168143	0.0005530973451327434	0.004148230088495576	0.00663716814159292	0.008019911504424779	0.0011061946902654867	0.0019358407079646017	0.06415929203539823	0.07549778761061947	0.0022123893805309734	0.013827433628318585	0.02350663716814159	0.0146570796460177	0.000829646017699115	0.0027654867256637168	0.02295353982300885	0.034292035398230086	0.0019358407079646017	0.006913716814159292	0.013550884955752213	0.03263274336283186	0.000829646017699115	0.006360619469026549	0.015486725663716814	0.022400442477876106	0.0013827433628318584	0.004701327433628319	0.0	0.029867256637168143	0.0	0.004424778761061947	0.016592920353982302	0.030973451327433628	0.0011061946902654867	0.005254424778761062	0.02654867256637168	0.00497787610619469	0.000829646017699115	0.0011061946902654867	0.009679203539823008	0.04922566371681416	0.0002765486725663717	0.009679203539823008
0.024059734513274336	0.03844026548672566	0.0019358407079646017	0.0038716814159292035	0.03290929203539823	0.041758849557522126	0.00165929203539823	0.008019911504424779	0.0	0.019081858407079644	0.0	0.0038716814159292035	0.06084070796460177	0.07162610619469026	0.0030420353982300885	0.014933628318584071	0.023783185840707963	0.023230088495575223	0.000829646017699115	0.004148230088495576	0.017422566371681415	0.030420353982300884	0.0013827433628318584	0.003595132743362832	0.006913716814159292	0.007743362831858407	0.000829646017699115	0.0022123893805309734	0.06360619469026549	0.07605088495575221	0.0027654867256637168	0.012997787610619468	0.023783185840707963	0.014380530973451327	0.0005530973451327434	0.0030420353982300885	0.022400442477876106	0.0351216814159292	0.0022123893805309734	0.006360619469026549	0.013550884955752213	0.03290929203539823	0.000829646017699115	0.006084070796460177	0.015486725663716814	0.02350663716814159	0.000829646017699115	0.004148230088495576	0.0	0.03014380530973451	0.0	0.004148230088495576	0.016039823008849558	0.030420353982300884	0.00165929203539823	0.005807522123893806	0.025995575221238937	0.00497787610619469	0.0013827433628318584	0.0011061946902654867	0.00995575221238938	0.049778761061946904	0.0002765486725663717	0.009126106194690266
0.024059734513274336	0.03871681415929203	0.0019358407079646017	0.003595132743362832	0.03263274336283186	0.04231194690265487	0.00165929203539823	0.007743362831858407	0.0	0.019081858407079644	0.0	0.0038716814159292035	0.061946902654867256	0.072179203539823	0.0019358407079646017	0.014380530973451327	0.023783185840707963	0.02295353982300885	0.000829646017699115	0.004424778761061947	0.017699115044247787	0.030420353982300884	0.0011061946902654867	0.003595132743362832	0.006913716814159292	0.008019911504424779	0.000829646017699115	0.0019358407079646017	0.06222345132743363	0.07605088495575221	0.004424778761061947	0.012997787610619468	0.02350663716814159	0.013827433628318585	0.000829646017699115	0.003595132743362832	0.022400442477876106	0.0351216814159292	0.0022123893805309734	0.006360619469026549	0.013827433628318585	0.03263274336283186	0.000829646017699115	0.006084070796460177	0.015763274336283186	0.02350663716814159	0.0002765486725663717	0.004424778761061947	0.0	0.03014380530973451	0.0	0.004148230088495576	0.01631637168141593	0.030420353982300884	0.00165929203539823	0.0055309734513274336	0.02627212389380531	0.00497787610619469	0.0011061946902654867	0.0011061946902654867	0.009679203539823008	0.049778761061946904	0.0002765486725663717	0.009126106194690266
0.023783185840707963	0.037887168141592924	0.0022123893805309734	0.004424778761061947	0.03290929203539823	0.04231194690265487	0.0013827433628318584	0.007743362831858407	0.0	0.020188053097345133	0.0	0.0027654867256637168	0.06139380530973451	0.07107300884955753	0.002488938053097345	0.015486725663716814	0.02350663716814159	0.02295353982300885	0.0011061946902654867	0.004424778761061947	0.017422566371681415	0.03014380530973451	0.00165929203539823	0.003595132743362832	0.007190265486725664	0.008296460176991151	0.0002765486725663717	0.0019358407079646017	0.0625	0.07660398230088496	0.005254424778761062	0.011615044247787611	0.023230088495575223	0.013827433628318585	0.0011061946902654867	0.003595132743362832	0.023230088495575223	0.03456858407079646	0.0013827433628318584	0.006913716814159292	0.014103982300884955	0.03290929203539823	0.0005530973451327434	0.005807522123893806	0.015486725663716814	0.02295353982300885	0.0005530973451327434	0.00497787610619469	0.0	0.029867256637168143	0.0	0.004424778761061947	0.016592920353982302	0.03125	0.0013827433628318584	0.004701327433628319	0.025995575221238937	0.004701327433628319	0.0013827433628318584	0.0013827433628318584	0.009402654867256638	0.049778761061946904	0.0002765486725663717	0.009126106194690266
0.02461283185840708	0.03844026548672566	0.0013827433628318584	0.0038716814159292035	0.03346238938053098	0.04286504424778761	0.0005530973451327434	0.007466814159292036	0.0	0.020188053097345133	0.0	0.0027654867256637168	0.06084070796460177	0.07162610619469026	0.0030420353982300885	0.014933628318584071	0.02350663716814159	0.02295353982300885	0.0011061946902654867	0.004424778761061947	0.017422566371681415	0.029867256637168143	0.00165929203539823	0.0038716814159292035	0.007190265486725664	0.008296460176991151	0.0002765486725663717	0.0019358407079646017	0.06332964601769911	0.0771570796460177	0.004424778761061947	0.010785398230088495	0.02267699115044248	0.014380530973451327	0.00165929203539823	0.0030420353982300885	0.023230088495575223	0.034292035398230086	0.000829646017699115	0.007743362831858407	0.013550884955752213	0.033185840707964605	0.0013827433628318584	0.005254424778761062	0.015210176991150442	0.023230088495575223	0.0005530973451327434	0.00497787610619469	0.0	0.0293141592920354	0.0	0.00497787610619469	0.017422566371681415	0.031803097345132744	0.0005530973451327434	0.004148230088495576	0.025719026548672565	0.004701327433628319	0.00165929203539823	0.0013827433628318584	0.009679203539823008	0.04950221238938053	0.0002765486725663717	0.009402654867256638
0.024889380530973452	0.037887168141592924	0.0011061946902654867	0.004424778761061947	0.03346238938053098	0.04286504424778761	0.0005530973451327434	0.007466814159292036	0.0	0.020464601769911505	0.0	0.002488938053097345	0.06084070796460177	0.07162610619469026	0.0030420353982300885	0.014933628318584071	0.023230088495575223	0.02267699115044248	0.0013827433628318584	0.004701327433628319	0.017422566371681415	0.03014380530973451	0.0013827433628318584	0.0038716814159292035	0.007190265486725664	0.008296460176991151	0.0002765486725663717	0.0019358407079646017	0.06332964601769911	0.07660398230088496	0.003595132743362832	0.011615044247787611	0.023230088495575223	0.014103982300884955	0.0011061946902654867	0.00331858407079646	0.024059734513274336	0.03373893805309734	0.0002765486725663717	0.008019911504424779	0.013827433628318585	0.033185840707964605	0.0011061946902654867	0.005254424778761062	0.015210176991150442	0.023230088495575223	0.0005530973451327434	0.00497787610619469	0.0	0.028761061946902654	0.0	0.0055309734513274336	0.017146017699115043	0.032079646017699116	0.0005530973451327434	0.004148230088495576	0.025165929203539824	0.00497787610619469	0.0022123893805309734	0.0011061946902654867	0.010232300884955753	0.049778761061946904	0.0002765486725663717	0.009126106194690266
0.025165929203539824	0.03733407079646018	0.000829646017699115	0.00497787610619469	0.03290929203539823	0.04286504424778761	0.0011061946902654867	0.007466814159292036	0.0	0.020188053097345133	0.0	0.0027654867256637168	0.06111725663716814	0.07162610619469026	0.0027654867256637168	0.014933628318584071	0.02295353982300885	0.02267699115044248	0.00165929203539823	0.004701327433628319	0.017699115044247787	0.030420353982300884	0.0011061946902654867	0.003595132743362832	0.007190265486725664	0.008573008849557522	0.0002765486725663717	0.00165929203539823	0.06388274336283185	0.07632743362831858	0.0027654867256637168	0.012168141592920354	0.023783185840707963	0.014103982300884955	0.0005530973451327434	0.00331858407079646	0.023783185840707963	0.033185840707964605	0.0011061946902654867	0.008019911504424779	0.013827433628318585	0.03290929203539823	0.0011061946902654867	0.0055309734513274336	0.015763274336283186	0.023230088495575223	0.0002765486725663717	0.004701327433628319	0.0	0.028484513274336282	0.0	0.005807522123893806	0.017422566371681415	0.031803097345132744	0.0002765486725663717	0.004424778761061947	0.025442477876106196	0.005254424778761062	0.0019358407079646017	0.000829646017699115	0.010232300884955753	0.04922566371681416	0.0002765486725663717	0.009679203539823008
0.025165929203539824	0.03733407079646018	0.000829646017699115	0.00497787610619469	0.03235619469026549	0.04341814159292035	0.0013827433628318584	0.007190265486725664	0.0	0.020464601769911505	0.0	0.002488938053097345	0.06028761061946902	0.0713495575221239	0.003595132743362832	0.015210176991150442	0.023230088495575223	0.021847345132743362	0.0013827433628318584	0.0055309734513274336	0.01825221238938053	0.03014380530973451	0.0005530973451327434	0.0038716814159292035	0.007466814159292036	0.008296460176991151	0.0	0.0019358407079646017	0.0625	0.07632743362831858	0.004424778761061947	0.012168141592920354	0.023783185840707963	0.013827433628318585	0.0005530973451327434	0.003595132743362832	0.02350663716814159	0.03346238938053098	0.0011061946902654867	0.008019911504424779	0.014380530973451327	0.031803097345132744	0.000829646017699115	0.006360619469026549	0.014933628318584071	0.023230088495575223	0.000829646017699115	0.00497787610619469	0.0	0.02765486725663717	0.0	0.00663716814159292	0.017146017699115043	0.031803097345132744	0.0005530973451327434	0.004424778761061947	0.025719026548672565	0.005254424778761062	0.00165929203539823	0.000829646017699115	0.010232300884955753	0.049778761061946904	0.0	0.009126106194690266
0.024889380530973452	0.03733407079646018	0.0011061946902654867	0.00497787610619469	0.03125	0.043971238938053096	0.0013827433628318584	0.007743362831858407	0.0	0.020464601769911505	0.0	0.002488938053097345	0.06084070796460177	0.07051991150442478	0.0030420353982300885	0.016039823008849558	0.02295353982300885	0.022123893805309734	0.00165929203539823	0.005254424778761062	0.018528761061946904	0.03014380530973451	0.0002765486725663717	0.0038716814159292035	0.007466814159292036	0.008849557522123894	0.0	0.0013827433628318584	0.06360619469026549	0.07688053097345132	0.0038716814159292035	0.011891592920353982	0.024059734513274336	0.014103982300884955	0.0002765486725663717	0.00331858407079646	0.02350663716814159	0.03373893805309734	0.0011061946902654867	0.007743362831858407	0.014103982300884955	0.03125	0.000829646017699115	0.007190265486725664	0.014933628318584071	0.02295353982300885	0.0013827433628318584	0.004701327433628319	0.0	0.02820796460176991	0.0	0.006084070796460177	0.017146017699115043	0.03235619469026549	0.0005530973451327434	0.0038716814159292035	0.025719026548672565	0.005254424778761062	0.00165929203539823	0.000829646017699115	0.009402654867256638	0.04950221238938053	0.0	0.009402654867256638
0.024889380530973452	0.03705752212389381	0.0011061946902654867	0.005254424778761062	0.031803097345132744	0.04452433628318584	0.0013827433628318584	0.00663716814159292	0.0	0.020464601769911505	0.0	0.002488938053097345	0.06111725663716814	0.07079646017699115	0.0027654867256637168	0.015763274336283186	0.023783185840707963	0.021847345132743362	0.000829646017699115	0.0055309734513274336	0.01797566371681416	0.03014380530973451	0.0002765486725663717	0.004424778761061947	0.006913716814159292	0.008849557522123894	0.0002765486725663717	0.00165929203539823	0.06332964601769911	0.07688053097345132	0.004148230088495576	0.011891592920353982	0.024336283185840708	0.014103982300884955	0.0	0.00331858407079646	0.023783185840707963	0.034015486725663714	0.0005530973451327434	0.007743362831858407	0.013827433628318585	0.031803097345132744	0.000829646017699115	0.006913716814159292	0.015486725663716814	0.023783185840707963	0.0005530973451327434	0.004148230088495576	0.0	0.028484513274336282	0.0	0.005807522123893806	0.01686946902654867	0.032079646017699116	0.000829646017699115	0.004148230088495576	0.025719026548672565	0.00497787610619469	0.00165929203539823	0.0011061946902654867	0.009402654867256638	0.05060840707964602	0.0	0.008296460176991151
0.025165929203539824	0.03761061946902655	0.000829646017699115	0.004701327433628319	0.03125	0.04480088495575221	0.0019358407079646017	0.006360619469026549	0.0	0.020741150442477877	0.0	0.0022123893805309734	0.06111725663716814	0.07245575221238938	0.0027654867256637168	0.014103982300884955	0.02350663716814159	0.021847345132743362	0.0011061946902654867	0.0055309734513274336	0.017699115044247787	0.029867256637168143	0.0002765486725663717	0.00497787610619469	0.007190265486725664	0.008573008849557522	0.0	0.0019358407079646017	0.0625	0.07605088495575221	0.004148230088495576	0.012444690265486726	0.024336283185840708	0.014933628318584071	0.0	0.002488938053097345	0.023230088495575223	0.03373893805309734	0.0005530973451327434	0.008573008849557522	0.014103982300884955	0.03235619469026549	0.0005530973451327434	0.006360619469026549	0.015763274336283186	0.024336283185840708	0.0002765486725663717	0.003595132743362832	0.0	0.027931415929203538	0.0	0.006360619469026549	0.01686946902654867	0.03235619469026549	0.0005530973451327434	0.004148230088495576	0.02627212389380531	0.005254424778761062	0.0011061946902654867	0.000829646017699115	0.010508849557522125	0.05033185840707965	0.0	0.008573008849557522
0.025719026548672565	0.03705752212389381	0.0002765486725663717	0.005254424778761062	0.031803097345132744	0.04535398230088496	0.000829646017699115	0.006360619469026549	0.0	0.020741150442477877	0.0	0.0022123893805309734	0.061946902654867256	0.07383849557522124	0.0019358407079646017	0.012721238938053098	0.023783185840707963	0.02157079646017699	0.000829646017699115	0.005807522123893806	0.017422566371681415	0.029037610619469027	0.0005530973451327434	0.005807522123893806	0.007190265486725664	0.008573008849557522	0.0	0.0019358407079646017	0.06084070796460177	0.07549778761061947	0.00497787610619469	0.013550884955752213	0.024336283185840708	0.014933628318584071	0.0	0.002488938053097345	0.02267699115044248	0.03373893805309734	0.000829646017699115	0.008849557522123894	0.013550884955752213	0.03290929203539823	0.000829646017699115	0.006084070796460177	0.015763274336283186	0.02350663716814159	0.0002765486725663717	0.004424778761061947	0.0	0.028484513274336282	0.0	0.005807522123893806	0.016592920353982302	0.03125	0.000829646017699115	0.005254424778761062	0.02654867256637168	0.005254424778761062	0.000829646017699115	0.000829646017699115	0.010508849557522125	0.050055309734513276	0.0002765486725663717	0.008849557522123894
0.025442477876106196	0.03761061946902655	0.0005530973451327434	0.004701327433628319	0.030973451327433628	0.045077433628318585	0.0013827433628318584	0.006913716814159292	0.0	0.020741150442477877	0.0	0.0022123893805309734	0.061670353982300884	0.07439159292035398	0.0022123893805309734	0.012168141592920354	0.023230088495575223	0.02157079646017699	0.0013827433628318584	0.005807522123893806	0.017699115044247787	0.0293141592920354	0.0002765486725663717	0.0055309734513274336	0.006913716814159292	0.008573008849557522	0.0	0.0022123893805309734	0.061946902654867256	0.07383849557522124	0.0038716814159292035	0.015763274336283186	0.023230088495575223	0.0146570796460177	0.0011061946902654867	0.0027654867256637168	0.022400442477876106	0.034015486725663714	0.000829646017699115	0.008849557522123894	0.013550884955752213	0.033185840707964605	0.0005530973451327434	0.006084070796460177	0.016039823008849558	0.024059734513274336	0.0002765486725663717	0.003595132743362832	0.0	0.0293141592920354	0.0	0.00497787610619469	0.017146017699115043	0.032079646017699116	0.0002765486725663717	0.004424778761061947	0.027378318584070797	0.0055309734513274336	0.0	0.0005530973451327434	0.010232300884955753	0.05060840707964602	0.0	0.008296460176991151
0.025995575221238937	0.036780973451327435	0.0	0.0055309734513274336	0.030696902654867256	0.045077433628318585	0.0019358407079646017	0.00663716814159292	0.0	0.020741150442477877	0.0	0.0022123893805309734	0.06139380530973451	0.07439159292035398	0.002488938053097345	0.012168141592920354	0.023230088495575223	0.022123893805309734	0.0013827433628318584	0.005254424778761062	0.017422566371681415	0.02959070796460177	0.0005530973451327434	0.005254424778761062	0.006913716814159292	0.008296460176991151	0.0	0.002488938053097345	0.061946902654867256	0.07439159292035398	0.0038716814159292035	0.014933628318584071	0.02350663716814159	0.014933628318584071	0.000829646017699115	0.002488938053097345	0.021847345132743362	0.034292035398230086	0.0011061946902654867	0.008849557522123894	0.013550884955752213	0.03373893805309734	0.0005530973451327434	0.0055309734513274336	0.016039823008849558	0.023783185840707963	0.0005530973451327434	0.003595132743362832	0.0	0.0293141592920354	0.0	0.00497787610619469	0.01686946902654867	0.032079646017699116	0.0005530973451327434	0.004424778761061947	0.027378318584070797	0.005254424778761062	0.0	0.000829646017699115	0.010508849557522125	0.05060840707964602	0.0	0.008296460176991151
0.025719026548672565	0.03650442477876106	0.0002765486725663717	0.005807522123893806	0.03125	0.0459070796460177	0.0013827433628318584	0.005807522123893806	0.0	0.020741150442477877	0.0	0.0022123893805309734	0.06084070796460177	0.07245575221238938	0.0030420353982300885	0.014103982300884955	0.02295353982300885	0.021294247787610618	0.00165929203539823	0.006084070796460177	0.017422566371681415	0.0293141592920354	0.0005530973451327434	0.0055309734513274336	0.006913716814159292	0.008296460176991151	0.0	0.002488938053097345	0.061946902654867256	0.07356194690265487	0.0027654867256637168	0.015486725663716814	0.02350663716814159	0.014933628318584071	0.000829646017699115	0.002488938053097345	0.02157079646017699	0.03484513274336283	0.0013827433628318584	0.008296460176991151	0.01327433628318584	0.032079646017699116	0.0005530973451327434	0.007466814159292036	0.015763274336283186	0.023230088495575223	0.000829646017699115	0.004148230088495576	0.0	0.0293141592920354	0.0	0.00497787610619469	0.017146017699115043	0.030973451327433628	0.0005530973451327434	0.005254424778761062	0.027101769911504425	0.00497787610619469	0.0002765486725663717	0.0011061946902654867	0.01133849557522124	0.05033185840707965	0.0005530973451327434	0.008573008849557522
0.025165929203539824	0.03622787610619469	0.000829646017699115	0.006084070796460177	0.03152654867256637	0.0459070796460177	0.0011061946902654867	0.005807522123893806	0.0	0.020464601769911505	0.0	0.002488938053097345	0.06084070796460177	0.07245575221238938	0.0030420353982300885	0.014103982300884955	0.023230088495575223	0.021847345132743362	0.0013827433628318584	0.0055309734513274336	0.017146017699115043	0.029037610619469027	0.000829646017699115	0.005807522123893806	0.006913716814159292	0.008849557522123894	0.0	0.0019358407079646017	0.06305309734513274	0.07356194690265487	0.0027654867256637168	0.015210176991150442	0.024059734513274336	0.014933628318584071	0.0002765486725663717	0.002488938053097345	0.021294247787610618	0.0351216814159292	0.0013827433628318584	0.008296460176991151	0.012721238938053098	0.031803097345132744	0.000829646017699115	0.008019911504424779	0.015763274336283186	0.02350663716814159	0.000829646017699115	0.0038716814159292035	0.0	0.0293141592920354	0.0	0.00497787610619469	0.01686946902654867	0.030420353982300884	0.0005530973451327434	0.006084070796460177	0.02654867256637168	0.0055309734513274336	0.000829646017699115	0.0005530973451327434	0.010232300884955753	0.049778761061946904	0.000829646017699115	0.009126106194690266
0.025165929203539824	0.03622787610619469	0.000829646017699115	0.006084070796460177	0.031803097345132744	0.046460176991150445	0.000829646017699115	0.005254424778761062	0.0	0.020464601769911505	0.0	0.002488938053097345	0.06111725663716814	0.07245575221238938	0.0027654867256637168	0.014103982300884955	0.02350663716814159	0.021847345132743362	0.0011061946902654867	0.0055309734513274336	0.017146017699115043	0.029037610619469027	0.000829646017699115	0.005807522123893806	0.007190265486725664	0.008849557522123894	0.0	0.00165929203539823	0.06332964601769911	0.072179203539823	0.0022123893805309734	0.01631637168141593	0.02350663716814159	0.015210176991150442	0.000829646017699115	0.0022123893805309734	0.021847345132743362	0.03622787610619469	0.0005530973451327434	0.007466814159292036	0.012997787610619468	0.03290929203539823	0.0005530973451327434	0.006913716814159292	0.015763274336283186	0.023230088495575223	0.000829646017699115	0.004148230088495576	0.0	0.0293141592920354	0.0	0.00497787610619469	0.016592920353982302	0.030973451327433628	0.0005530973451327434	0.005807522123893806	0.02654867256637168	0.005254424778761062	0.000829646017699115	0.000829646017699115	0.01133849557522124	0.048672566371681415	0.0002765486725663717	0.010232300884955753
0.025165929203539824	0.03595132743362832	0.000829646017699115	0.006360619469026549	0.030696902654867256	0.046460176991150445	0.0011061946902654867	0.006084070796460177	0.0	0.01963495575221239	0.0	0.00331858407079646	0.06111725663716814	0.072179203539823	0.0027654867256637168	0.014380530973451327	0.02350663716814159	0.021294247787610618	0.0011061946902654867	0.006084070796460177	0.017146017699115043	0.029867256637168143	0.0005530973451327434	0.005254424778761062	0.006913716814159292	0.008849557522123894	0.0002765486725663717	0.00165929203539823	0.061946902654867256	0.07190265486725664	0.0022123893805309734	0.01686946902654867	0.02295353982300885	0.015210176991150442	0.0013827433628318584	0.0022123893805309734	0.02101769911504425	0.03816371681415929	0.0011061946902654867	0.005807522123893806	0.012721238938053098	0.03290929203539823	0.0013827433628318584	0.006360619469026549	0.015763274336283186	0.02295353982300885	0.000829646017699115	0.004424778761061947	0.0	0.029037610619469027	0.0	0.005254424778761062	0.015763274336283186	0.03125	0.0005530973451327434	0.006360619469026549	0.025719026548672565	0.005254424778761062	0.00165929203539823	0.000829646017699115	0.011891592920353982	0.04839601769911504	0.000829646017699115	0.010508849557522125
