AAA	AAC	AAG	AAT	ACA	ACC	ACG	ACT	AGA	AGC	AGG	AGT	ATA	ATC	ATG	ATT	CAA	CAC	CAG	CAT	CCA	CCC	CCG	CCT	CGA	CGC	CGG	CGT	CTA	CTC	CTG	CTT	GAA	GAC	GAG	GAT	GCA	GCC	GCG	GCT	GGA	GGC	GGG	GGT	GTA	GTC	GTG	GTT	TAA	TAC	TAG	TAT	TCA	TCC	TCG	TCT	TGA	TGC	TGG	TGT	TTA	TTC	TTG	TTT
0.02161263507896924	0.02992518703241895	0.0019395954558049321	0.0060958714325297855	0.03463563313937379	0.04627320587420338	0.0011083402604599613	0.013577168190634523	0.0	0.012745912995289555	0.0	0.0022166805209199226	0.03518980326960377	0.0543086727625381	0.00831255195344971	0.025768911055694097	0.020781379883624274	0.023275145469659187	0.004987531172069825	0.0077583818232197285	0.02549182599057911	0.022720975339429204	0.0008312551953449709	0.011637572734829594	0.010529232474369632	0.004433361041839845	0.0011083402604599613	0.0019395954558049321	0.08229426433915213	0.052923247436963146	0.00942089221390967	0.019673039623164308	0.022720975339429204	0.013300083125519536	0.0019395954558049321	0.0030479357162648928	0.025214740925464118	0.039623164311443616	0.0011083402604599613	0.011637572734829594	0.0199501246882793	0.02161263507896924	0.004433361041839845	0.007481296758104737	0.017179274037129398	0.013300083125519536	0.0011083402604599613	0.007204211692989748	0.0	0.022720975339429204	0.0	0.005818786367414797	0.02188972014408424	0.028262676641729014	0.0013854253255749516	0.008035466888334718	0.025214740925464118	0.004710446106954835	0.002770850651149903	0.0019395954558049321	0.015239678581324469	0.042116929897478526	0.0019395954558049321	0.013577168190634523
0.010806317539484621	0.01967303962316431	0.012745912995289554	0.01634801884178443	0.022166805209199225	0.019118869492934332	0.029371016902188973	0.02493765586034913	0.0	0.014131338320864505	0.0	0.010252147409254642	0.022166805209199225	0.041285674702133554	0.021335550013854253	0.038791909116098644	0.012745912995289554	0.012745912995289554	0.013022998060404543	0.01828761429758936	0.013300083125519535	0.015239678581324467	0.01828761429758936	0.013854253255749516	0.0038791909116098642	0.004156275976724855	0.004710446106954835	0.005264616237184816	0.031033527292878914	0.02798559157661402	0.03131061235799391	0.029093931837073983	0.011914657799944583	0.008589637018564699	0.012745912995289554	0.0077583818232197285	0.021889720144084236	0.022166805209199225	0.016070933776669436	0.017456359102244388	0.012745912995289554	0.015516763646439457	0.011083402604599613	0.014131338320864505	0.010806317539484621	0.00997506234413965	0.00831255195344971	0.009697977279024661	0.0	0.014685508451094486	0.0	0.013854253255749516	0.013577168190634524	0.012191742865059573	0.012191742865059573	0.012191742865059573	0.015239678581324467	0.002770850651149903	0.012745912995289554	0.0038791909116098642	0.029371016902188973	0.02798559157661402	0.03269603768356886	0.02770850651149903
0.011360487669714602	0.021058464948739263	0.012191742865059573	0.014962593516209476	0.023552230534774177	0.02022720975339429	0.02798559157661402	0.023829315599889166	0.0	0.014131338320864505	0.0	0.010252147409254642	0.024660570795234135	0.04239401496259352	0.01884178442781934	0.03768356885563868	0.013577168190634524	0.013022998060404543	0.012191742865059573	0.01801052923247437	0.014962593516209476	0.015239678581324467	0.017179274037129398	0.013300083125519535	0.0036021058464948737	0.004156275976724855	0.004987531172069825	0.005264616237184816	0.03380437794402882	0.02715433638126905	0.02826267664172901	0.029925187032418952	0.012191742865059573	0.008589637018564699	0.012468827930174564	0.0077583818232197285	0.023829315599889166	0.022166805209199225	0.014131338320864505	0.017456359102244388	0.012468827930174564	0.01634801884178443	0.011083402604599613	0.013577168190634524	0.011360487669714602	0.00997506234413965	0.0077583818232197285	0.009697977279024661	0.0	0.014962593516209476	0.0	0.013577168190634524	0.014131338320864505	0.012745912995289554	0.011360487669714602	0.011914657799944583	0.016070933776669436	0.002770850651149903	0.011914657799944583	0.0038791909116098642	0.030756442227763924	0.02826267664172901	0.03158769742310889	0.02743142144638404
0.011914657799944583	0.021058464948739263	0.011637572734829594	0.014962593516209476	0.025214740925464118	0.01967303962316431	0.02632308118592408	0.024383485730119146	0.0	0.014408423385979495	0.0	0.00997506234413965	0.02632308118592408	0.043225270157938485	0.017179274037129398	0.03685231366029371	0.014131338320864505	0.013854253255749516	0.011637572734829594	0.017179274037129398	0.01662510390689942	0.015516763646439457	0.015516763646439457	0.013022998060404543	0.0036021058464948737	0.004710446106954835	0.004987531172069825	0.004710446106954835	0.03629814353006373	0.02715433638126905	0.02632308118592408	0.029925187032418952	0.013022998060404543	0.00886672208367969	0.011637572734829594	0.007481296758104738	0.024660570795234135	0.022720975339429204	0.013300083125519535	0.01690218897201441	0.013300083125519535	0.016070933776669436	0.010252147409254642	0.013854253255749516	0.011637572734829594	0.009697977279024661	0.007481296758104738	0.00997506234413965	0.0	0.014962593516209476	0.0	0.013577168190634524	0.015516763646439457	0.013300083125519535	0.00997506234413965	0.011360487669714602	0.017179274037129398	0.0024937655860349127	0.010806317539484621	0.004156275976724855	0.031864782488223886	0.02881684677195899	0.029925187032418952	0.02687725131615406
0.013577168190634524	0.021335550013854253	0.00997506234413965	0.014685508451094486	0.02743142144638404	0.02022720975339429	0.023829315599889166	0.024106400665004156	0.0	0.014408423385979495	0.0	0.00997506234413965	0.02798559157661402	0.041285674702133554	0.015516763646439457	0.038791909116098644	0.014962593516209476	0.014408423385979495	0.010806317539484621	0.01662510390689942	0.01773344416735938	0.016070933776669436	0.014408423385979495	0.012468827930174564	0.0036021058464948737	0.004710446106954835	0.004987531172069825	0.004710446106954835	0.03851482405098365	0.02715433638126905	0.02632308118592408	0.029925187032418952	0.013577168190634524	0.008589637018564699	0.011083402604599613	0.0077583818232197285	0.02493765586034913	0.022998060404544194	0.013022998060404543	0.01662510390689942	0.014131338320864505	0.01634801884178443	0.00942089221390967	0.013577168190634524	0.011637572734829594	0.00997506234413965	0.007481296758104738	0.009697977279024661	0.0	0.014962593516209476	0.0	0.013577168190634524	0.016070933776669436	0.012745912995289554	0.00942089221390967	0.011914657799944583	0.01828761429758936	0.0024937655860349127	0.009697977279024661	0.004156275976724855	0.032418952618453865	0.029371016902188973	0.02715433638126905	0.02632308118592408
0.014408423385979495	0.021612635078969242	0.00914380714879468	0.014408423385979495	0.02881684677195899	0.020781379883624274	0.022443890274314215	0.023552230534774177	0.0	0.014408423385979495	0.0	0.00997506234413965	0.028539761706844	0.042116929897478526	0.014962593516209476	0.03796065392075367	0.01634801884178443	0.014962593516209476	0.00942089221390967	0.016070933776669436	0.01884178442781934	0.016070933776669436	0.013300083125519535	0.012468827930174564	0.0038791909116098642	0.004710446106954835	0.004710446106954835	0.004710446106954835	0.04183984483236353	0.02798559157661402	0.022998060404544194	0.029093931837073983	0.013577168190634524	0.008589637018564699	0.011083402604599613	0.0077583818232197285	0.025491825990579108	0.022998060404544194	0.012191742865059573	0.01690218897201441	0.015239678581324467	0.01634801884178443	0.00831255195344971	0.013577168190634524	0.012191742865059573	0.009697977279024661	0.006927126627874758	0.00997506234413965	0.0	0.015239678581324467	0.0	0.013300083125519535	0.01634801884178443	0.012745912995289554	0.00914380714879468	0.011914657799944583	0.019395954558049322	0.0024937655860349127	0.008589637018564699	0.004156275976724855	0.033527292878913824	0.029371016902188973	0.026045996120809087	0.02632308118592408
0.015239678581324467	0.022166805209199225	0.00831255195344971	0.013854253255749516	0.03020227209753394	0.021335550013854253	0.021058464948739263	0.022998060404544194	0.0	0.014408423385979495	0.0	0.00997506234413965	0.029371016902188973	0.04239401496259352	0.014131338320864505	0.03768356885563868	0.01662510390689942	0.015516763646439457	0.00914380714879468	0.015516763646439457	0.019395954558049322	0.016070933776669436	0.013022998060404543	0.012191742865059573	0.004433361041839845	0.004987531172069825	0.004156275976724855	0.004433361041839845	0.04405652535328346	0.02798559157661402	0.022443890274314215	0.02881684677195899	0.014685508451094486	0.00886672208367969	0.00997506234413965	0.007481296758104738	0.02632308118592408	0.022998060404544194	0.011083402604599613	0.017179274037129398	0.015239678581324467	0.01634801884178443	0.00886672208367969	0.013022998060404543	0.013022998060404543	0.00997506234413965	0.006372956497644777	0.00942089221390967	0.0	0.015516763646439457	0.0	0.013022998060404543	0.017456359102244388	0.012745912995289554	0.008035466888334718	0.011914657799944583	0.0199501246882793	0.002770850651149903	0.008035466888334718	0.0038791909116098642	0.03518980326960377	0.029371016902188973	0.022998060404544194	0.02632308118592408
0.01634801884178443	0.021612635078969242	0.0072042116929897475	0.014408423385979495	0.031864782488223886	0.022166805209199225	0.01967303962316431	0.021889720144084236	0.0	0.014408423385979495	0.0	0.00997506234413965	0.030756442227763924	0.04239401496259352	0.012745912995289554	0.03768356885563868	0.017456359102244388	0.015793848711554447	0.00831255195344971	0.015239678581324467	0.0199501246882793	0.016070933776669436	0.012468827930174564	0.012191742865059573	0.004987531172069825	0.004987531172069825	0.0036021058464948737	0.004433361041839845	0.04599612080908839	0.02798559157661402	0.021612635078969242	0.028539761706844	0.015793848711554447	0.00886672208367969	0.00886672208367969	0.007481296758104738	0.02660016625103907	0.022443890274314215	0.010806317539484621	0.01773344416735938	0.016070933776669436	0.01662510390689942	0.008035466888334718	0.012745912995289554	0.013022998060404543	0.00997506234413965	0.006095871432529786	0.009697977279024661	0.0	0.015793848711554447	0.0	0.012745912995289554	0.01828761429758936	0.013022998060404543	0.0072042116929897475	0.011637572734829594	0.020504294818509284	0.0033250207813798837	0.007481296758104738	0.0033250207813798837	0.03629814353006373	0.029093931837073983	0.021058464948739263	0.02660016625103907
0.017179274037129398	0.021612635078969242	0.006372956497644777	0.014408423385979495	0.03214186755333887	0.022166805209199225	0.019118869492934332	0.022166805209199225	0.0	0.014685508451094486	0.0	0.009697977279024661	0.031864782488223886	0.043225270157938485	0.011637572734829594	0.03685231366029371	0.019395954558049322	0.015516763646439457	0.006372956497644777	0.015516763646439457	0.021889720144084236	0.016070933776669436	0.010529232474369632	0.012191742865059573	0.005264616237184816	0.005541701302299806	0.0033250207813798837	0.0038791909116098642	0.046550290939318374	0.02798559157661402	0.02022720975339429	0.028539761706844	0.01634801884178443	0.00942089221390967	0.00831255195344971	0.006927126627874758	0.02826267664172901	0.021612635078969242	0.00942089221390967	0.01828761429758936	0.01690218897201441	0.01662510390689942	0.0072042116929897475	0.012745912995289554	0.012745912995289554	0.010529232474369632	0.006095871432529786	0.00942089221390967	0.0	0.015793848711554447	0.0	0.012745912995289554	0.019118869492934332	0.013300083125519535	0.006372956497644777	0.011360487669714602	0.020781379883624274	0.0033250207813798837	0.0072042116929897475	0.0033250207813798837	0.03796065392075367	0.02881684677195899	0.02022720975339429	0.02687725131615406
0.01801052923247437	0.021335550013854253	0.005541701302299806	0.014685508451094486	0.03380437794402882	0.022998060404544194	0.01773344416735938	0.021058464948739263	0.0	0.014408423385979495	0.0	0.00997506234413965	0.03214186755333887	0.04377944028816847	0.011360487669714602	0.03629814353006373	0.019395954558049322	0.015793848711554447	0.006372956497644777	0.015239678581324467	0.022443890274314215	0.01634801884178443	0.00997506234413965	0.011914657799944583	0.005818786367414797	0.005541701302299806	0.002770850651149903	0.0038791909116098642	0.049598226655583263	0.029648101967303962	0.01801052923247437	0.02743142144638404	0.01634801884178443	0.00942089221390967	0.00831255195344971	0.006927126627874758	0.029371016902188973	0.021335550013854253	0.00831255195344971	0.01856469936270435	0.017179274037129398	0.016070933776669436	0.006927126627874758	0.013300083125519535	0.013300083125519535	0.010529232474369632	0.005818786367414797	0.00914380714879468	0.0	0.016070933776669436	0.0	0.012468827930174564	0.019395954558049322	0.013300083125519535	0.006095871432529786	0.011360487669714602	0.021335550013854253	0.0033250207813798837	0.006650041562759767	0.0033250207813798837	0.03906899418121363	0.029925187032418952	0.01773344416735938	0.025768911055694097
0.01801052923247437	0.021612635078969242	0.005541701302299806	0.014408423385979495	0.03657522859517872	0.022998060404544194	0.015239678581324467	0.020781379883624274	0.0	0.014685508451094486	0.0	0.009697977279024661	0.031864782488223886	0.04405652535328346	0.011637572734829594	0.03602105846494874	0.020781379883624274	0.01634801884178443	0.004987531172069825	0.014685508451094486	0.022166805209199225	0.016070933776669436	0.010252147409254642	0.012191742865059573	0.005818786367414797	0.005818786367414797	0.002770850651149903	0.0036021058464948737	0.05015239678581324	0.03131061235799391	0.01801052923247437	0.025491825990579108	0.01662510390689942	0.00942089221390967	0.008035466888334718	0.006927126627874758	0.029925187032418952	0.021058464948739263	0.0077583818232197285	0.01884178442781934	0.01773344416735938	0.01662510390689942	0.006372956497644777	0.012745912995289554	0.014131338320864505	0.010529232474369632	0.005264616237184816	0.00886672208367969	0.0	0.01634801884178443	0.0	0.012191742865059573	0.019395954558049322	0.013300083125519535	0.006095871432529786	0.011360487669714602	0.021335550013854253	0.003047935716264893	0.006650041562759767	0.0036021058464948737	0.040731504571903575	0.029925187032418952	0.015793848711554447	0.025768911055694097
0.01801052923247437	0.022443890274314215	0.005541701302299806	0.013577168190634524	0.03796065392075367	0.022998060404544194	0.013854253255749516	0.020781379883624274	0.0	0.014685508451094486	0.0	0.009697977279024661	0.032418952618453865	0.04488778054862843	0.011083402604599613	0.03518980326960377	0.020504294818509284	0.01634801884178443	0.005264616237184816	0.014685508451094486	0.024106400665004156	0.015793848711554447	0.008589637018564699	0.012191742865059573	0.006372956497644777	0.005818786367414797	0.0022166805209199226	0.0036021058464948737	0.0543086727625381	0.031864782488223886	0.015239678581324467	0.02493765586034913	0.017179274037129398	0.00914380714879468	0.007481296758104738	0.0072042116929897475	0.03020227209753394	0.020781379883624274	0.007481296758104738	0.019118869492934332	0.01856469936270435	0.01662510390689942	0.005818786367414797	0.012468827930174564	0.014685508451094486	0.010806317539484621	0.004710446106954835	0.008589637018564699	0.0	0.01662510390689942	0.0	0.011914657799944583	0.02022720975339429	0.013577168190634524	0.005264616237184816	0.011083402604599613	0.021612635078969242	0.003047935716264893	0.006372956497644777	0.0036021058464948737	0.040731504571903575	0.030479357162648935	0.014408423385979495	0.025214740925464118
0.01801052923247437	0.022998060404544194	0.005541701302299806	0.013022998060404543	0.038237738985868665	0.023829315599889166	0.013577168190634524	0.0199501246882793	0.0	0.014962593516209476	0.0	0.00942089221390967	0.032418952618453865	0.04544195067885841	0.011083402604599613	0.03463563313937379	0.021058464948739263	0.015793848711554447	0.004710446106954835	0.015239678581324467	0.025214740925464118	0.016070933776669436	0.0077583818232197285	0.011637572734829594	0.006372956497644777	0.005818786367414797	0.0022166805209199226	0.0036021058464948737	0.057356608478802994	0.031864782488223886	0.014962593516209476	0.024106400665004156	0.01856469936270435	0.00942089221390967	0.006095871432529786	0.006927126627874758	0.03158769742310889	0.021058464948739263	0.006372956497644777	0.01856469936270435	0.01884178442781934	0.016070933776669436	0.005541701302299806	0.013022998060404543	0.014962593516209476	0.010252147409254642	0.004156275976724855	0.00942089221390967	0.0	0.01662510390689942	0.0	0.011914657799944583	0.020781379883624274	0.013300083125519535	0.004710446106954835	0.011360487669714602	0.021612635078969242	0.003047935716264893	0.006372956497644777	0.0036021058464948737	0.03934607924632862	0.031033527292878914	0.013854253255749516	0.024660570795234135
0.01856469936270435	0.023829315599889166	0.004987531172069825	0.012191742865059573	0.03796065392075367	0.024106400665004156	0.013854253255749516	0.01967303962316431	0.0	0.014962593516209476	0.0	0.00942089221390967	0.03269603768356886	0.04599612080908839	0.010806317539484621	0.03408146300914381	0.021335550013854253	0.015516763646439457	0.004433361041839845	0.015516763646439457	0.02687725131615406	0.015793848711554447	0.006372956497644777	0.011637572734829594	0.005818786367414797	0.005818786367414797	0.002770850651149903	0.0036021058464948737	0.058187863674147966	0.032418952618453865	0.013300083125519535	0.023829315599889166	0.01856469936270435	0.00886672208367969	0.006095871432529786	0.007481296758104738	0.03131061235799391	0.021612635078969242	0.006650041562759767	0.01801052923247437	0.019395954558049322	0.017179274037129398	0.004987531172069825	0.011914657799944583	0.014962593516209476	0.00997506234413965	0.004156275976724855	0.009697977279024661	0.0	0.01662510390689942	0.0	0.011914657799944583	0.021335550013854253	0.013300083125519535	0.004156275976724855	0.011360487669714602	0.022166805209199225	0.003047935716264893	0.005818786367414797	0.0036021058464948737	0.041285674702133554	0.030756442227763924	0.012468827930174564	0.02493765586034913
0.01828761429758936	0.023275145469659187	0.005264616237184816	0.012745912995289554	0.03934607924632862	0.023552230534774177	0.013022998060404543	0.01967303962316431	0.0	0.014685508451094486	0.0	0.009697977279024661	0.03325020781379884	0.04710446106954835	0.010252147409254642	0.032973122748683845	0.021612635078969242	0.015793848711554447	0.004156275976724855	0.015239678581324467	0.02770850651149903	0.015793848711554447	0.005264616237184816	0.011914657799944583	0.006095871432529786	0.005541701302299806	0.0024937655860349127	0.0038791909116098642	0.059296203934607924	0.03269603768356886	0.012745912995289554	0.023552230534774177	0.019395954558049322	0.00886672208367969	0.005264616237184816	0.007481296758104738	0.03269603768356886	0.02022720975339429	0.006372956497644777	0.01828761429758936	0.019118869492934332	0.017179274037129398	0.004987531172069825	0.012191742865059573	0.015793848711554447	0.00997506234413965	0.0036021058464948737	0.00942089221390967	0.0	0.01662510390689942	0.0	0.011914657799944583	0.021335550013854253	0.013300083125519535	0.004156275976724855	0.011360487669714602	0.022443890274314215	0.003047935716264893	0.005541701302299806	0.0036021058464948737	0.04183984483236353	0.03131061235799391	0.011360487669714602	0.024383485730119146
0.01856469936270435	0.023275145469659187	0.004987531172069825	0.012745912995289554	0.04045441950678858	0.023275145469659187	0.012191742865059573	0.01967303962316431	0.0	0.014962593516209476	0.0	0.00942089221390967	0.03408146300914381	0.04710446106954835	0.00942089221390967	0.032973122748683845	0.022443890274314215	0.01634801884178443	0.0033250207813798837	0.014685508451094486	0.028539761706844	0.016070933776669436	0.004433361041839845	0.011637572734829594	0.006095871432529786	0.005541701302299806	0.0024937655860349127	0.0038791909116098642	0.060681629260182876	0.032973122748683845	0.012745912995289554	0.023275145469659187	0.0199501246882793	0.00886672208367969	0.004710446106954835	0.007481296758104738	0.03325020781379884	0.020781379883624274	0.005541701302299806	0.01801052923247437	0.0199501246882793	0.017179274037129398	0.004156275976724855	0.012191742865059573	0.015793848711554447	0.010529232474369632	0.0036021058464948737	0.00886672208367969	0.0	0.01690218897201441	0.0	0.011637572734829594	0.021889720144084236	0.013577168190634524	0.0036021058464948737	0.011083402604599613	0.022720975339429204	0.003047935716264893	0.005264616237184816	0.0036021058464948737	0.04156275976724855	0.031864782488223886	0.010252147409254642	0.023829315599889166
0.01856469936270435	0.023552230534774177	0.004987531172069825	0.012468827930174564	0.04183984483236353	0.023552230534774177	0.011083402604599613	0.019118869492934332	0.0	0.015239678581324467	0.0	0.00914380714879468	0.034912718204488775	0.04765863119977833	0.008589637018564699	0.032418952618453865	0.022720975339429204	0.016070933776669436	0.003047935716264893	0.014962593516209476	0.02798559157661402	0.015793848711554447	0.004710446106954835	0.012191742865059573	0.006095871432529786	0.006095871432529786	0.0024937655860349127	0.0033250207813798837	0.06262122471598781	0.032973122748683845	0.010806317539484621	0.023275145469659187	0.02022720975339429	0.00914380714879468	0.004433361041839845	0.0072042116929897475	0.033527292878913824	0.0199501246882793	0.005541701302299806	0.01856469936270435	0.01967303962316431	0.01773344416735938	0.004433361041839845	0.011637572734829594	0.015793848711554447	0.010252147409254642	0.0036021058464948737	0.00914380714879468	0.0	0.017179274037129398	0.0	0.011360487669714602	0.022998060404544194	0.013577168190634524	0.0024937655860349127	0.011083402604599613	0.023829315599889166	0.003047935716264893	0.004156275976724855	0.0036021058464948737	0.042671100027708506	0.03158769742310889	0.00914380714879468	0.024106400665004156
0.019395954558049322	0.022998060404544194	0.004156275976724855	0.013022998060404543	0.04377944028816847	0.022720975339429204	0.00886672208367969	0.02022720975339429	0.0	0.015793848711554447	0.0	0.008589637018564699	0.03602105846494874	0.04765863119977833	0.007481296758104738	0.032418952618453865	0.022443890274314215	0.01690218897201441	0.0033250207813798837	0.014131338320864505	0.02770850651149903	0.015239678581324467	0.004987531172069825	0.012745912995289554	0.006095871432529786	0.006095871432529786	0.0024937655860349127	0.0033250207813798837	0.06372956497644777	0.03269603768356886	0.010806317539484621	0.023829315599889166	0.020781379883624274	0.009697977279024661	0.0038791909116098642	0.006650041562759767	0.03408146300914381	0.021058464948739263	0.004987531172069825	0.017456359102244388	0.02022720975339429	0.017456359102244388	0.0038791909116098642	0.011914657799944583	0.01634801884178443	0.010252147409254642	0.003047935716264893	0.00914380714879468	0.0	0.017179274037129398	0.0	0.011360487669714602	0.023275145469659187	0.013854253255749516	0.0024937655860349127	0.010529232474369632	0.02493765586034913	0.003047935716264893	0.003047935716264893	0.0036021058464948737	0.041285674702133554	0.03131061235799391	0.00914380714879468	0.024383485730119146
0.019395954558049322	0.023275145469659187	0.004156275976724855	0.012745912995289554	0.044610695483513436	0.022443890274314215	0.00831255195344971	0.02022720975339429	0.0	0.016070933776669436	0.0	0.00831255195344971	0.03657522859517872	0.048489886395123305	0.006927126627874758	0.03158769742310889	0.022166805209199225	0.017179274037129398	0.0036021058464948737	0.013854253255749516	0.02743142144638404	0.015516763646439457	0.005264616237184816	0.012468827930174564	0.005818786367414797	0.006372956497644777	0.002770850651149903	0.003047935716264893	0.06483790523690773	0.032973122748683845	0.010529232474369632	0.024106400665004156	0.020781379883624274	0.010252147409254642	0.0038791909116098642	0.006095871432529786	0.03380437794402882	0.020504294818509284	0.005264616237184816	0.01801052923247437	0.021335550013854253	0.017456359102244388	0.0033250207813798837	0.011360487669714602	0.01690218897201441	0.011360487669714602	0.0024937655860349127	0.008035466888334718	0.0	0.01690218897201441	0.0	0.011637572734829594	0.022998060404544194	0.013577168190634524	0.003047935716264893	0.010529232474369632	0.024660570795234135	0.0033250207813798837	0.0033250207813798837	0.0033250207813798837	0.04156275976724855	0.03158769742310889	0.007481296758104738	0.024106400665004156
0.01967303962316431	0.024383485730119146	0.0038791909116098642	0.011637572734829594	0.04488778054862843	0.023552230534774177	0.008035466888334718	0.019118869492934332	0.0	0.015793848711554447	0.0	0.008589637018564699	0.03629814353006373	0.04876697146023829	0.0072042116929897475	0.03131061235799391	0.022166805209199225	0.017179274037129398	0.0036021058464948737	0.013854253255749516	0.02770850651149903	0.016070933776669436	0.004987531172069825	0.011914657799944583	0.006095871432529786	0.006372956497644777	0.0024937655860349127	0.003047935716264893	0.06705458575782765	0.034358548074258796	0.00914380714879468	0.023275145469659187	0.020781379883624274	0.010252147409254642	0.0038791909116098642	0.006095871432529786	0.03380437794402882	0.01967303962316431	0.005264616237184816	0.01884178442781934	0.021335550013854253	0.017456359102244388	0.0033250207813798837	0.011360487669714602	0.017456359102244388	0.011914657799944583	0.0022166805209199226	0.0072042116929897475	0.0	0.017179274037129398	0.0	0.011360487669714602	0.023275145469659187	0.013577168190634524	0.002770850651149903	0.010529232474369632	0.024660570795234135	0.0033250207813798837	0.0033250207813798837	0.0033250207813798837	0.04183984483236353	0.03158769742310889	0.005818786367414797	0.024106400665004156
0.0199501246882793	0.024383485730119146	0.0036021058464948737	0.011637572734829594	0.04544195067885841	0.023829315599889166	0.007481296758104738	0.01884178442781934	0.0	0.015516763646439457	0.0	0.00886672208367969	0.03602105846494874	0.04932114159046827	0.007481296758104738	0.030756442227763924	0.022166805209199225	0.01773344416735938	0.0036021058464948737	0.013300083125519535	0.02770850651149903	0.016070933776669436	0.004987531172069825	0.011914657799944583	0.006650041562759767	0.006372956497644777	0.0022166805209199226	0.002770850651149903	0.0684400110834026	0.03546688833471876	0.00914380714879468	0.021335550013854253	0.020781379883624274	0.010806317539484621	0.0038791909116098642	0.005541701302299806	0.03408146300914381	0.0199501246882793	0.004987531172069825	0.01856469936270435	0.020781379883624274	0.01773344416735938	0.0038791909116098642	0.011083402604599613	0.01773344416735938	0.012468827930174564	0.0019395954558049321	0.006650041562759767	0.0	0.01690218897201441	0.0	0.011637572734829594	0.024106400665004156	0.013022998060404543	0.002770850651149903	0.010252147409254642	0.024660570795234135	0.0033250207813798837	0.0033250207813798837	0.0033250207813798837	0.04156275976724855	0.032418952618453865	0.005541701302299806	0.023275145469659187
0.0199501246882793	0.024383485730119146	0.0036021058464948737	0.011637572734829594	0.0457190357439734	0.024660570795234135	0.006650041562759767	0.01856469936270435	0.0	0.016070933776669436	0.0	0.00831255195344971	0.0371293987254087	0.04932114159046827	0.006372956497644777	0.030756442227763924	0.022166805209199225	0.01773344416735938	0.0036021058464948737	0.013300083125519535	0.02743142144638404	0.01662510390689942	0.004987531172069825	0.011637572734829594	0.0072042116929897475	0.006372956497644777	0.0016625103906899418	0.002770850651149903	0.06927126627874758	0.03629814353006373	0.00942089221390967	0.020504294818509284	0.021335550013854253	0.010529232474369632	0.0033250207813798837	0.005818786367414797	0.034358548074258796	0.0199501246882793	0.004433361041839845	0.01884178442781934	0.021058464948739263	0.01801052923247437	0.0036021058464948737	0.010806317539484621	0.01773344416735938	0.012191742865059573	0.0019395954558049321	0.006927126627874758	0.0	0.017179274037129398	0.0	0.011360487669714602	0.024383485730119146	0.014131338320864505	0.0024937655860349127	0.00914380714879468	0.026045996120809087	0.0033250207813798837	0.0019395954558049321	0.0033250207813798837	0.04045441950678858	0.03269603768356886	0.005541701302299806	0.022998060404544194
0.020781379883624274	0.023552230534774177	0.002770850651149903	0.012468827930174564	0.0457190357439734	0.024660570795234135	0.006650041562759767	0.01856469936270435	0.0	0.016070933776669436	0.0	0.00831255195344971	0.03768356885563868	0.050983651981158215	0.005818786367414797	0.029093931837073983	0.021612635078969242	0.01801052923247437	0.004156275976724855	0.013022998060404543	0.02687725131615406	0.017179274037129398	0.004987531172069825	0.011637572734829594	0.007481296758104738	0.006650041562759767	0.0013854253255749516	0.0024937655860349127	0.06899418121363259	0.0371293987254087	0.00914380714879468	0.01967303962316431	0.021335550013854253	0.011083402604599613	0.0033250207813798837	0.005264616237184816	0.03408146300914381	0.02022720975339429	0.004433361041839845	0.01884178442781934	0.021612635078969242	0.01828761429758936	0.003047935716264893	0.010529232474369632	0.01801052923247437	0.012745912995289554	0.0019395954558049321	0.006095871432529786	0.0	0.01773344416735938	0.0	0.010806317539484621	0.024106400665004156	0.014408423385979495	0.002770850651149903	0.00886672208367969	0.026045996120809087	0.0033250207813798837	0.0019395954558049321	0.0033250207813798837	0.04100858963701857	0.03325020781379884	0.005541701302299806	0.022443890274314215
0.021058464948739263	0.023552230534774177	0.0024937655860349127	0.012468827930174564	0.04599612080908839	0.025214740925464118	0.006372956497644777	0.01801052923247437	0.0	0.016070933776669436	0.0	0.00831255195344971	0.038791909116098644	0.05181490717650319	0.004710446106954835	0.02826267664172901	0.021612635078969242	0.01801052923247437	0.004156275976724855	0.013022998060404543	0.02687725131615406	0.01662510390689942	0.004987531172069825	0.012191742865059573	0.007481296758104738	0.006650041562759767	0.0013854253255749516	0.0024937655860349127	0.06982543640897755	0.03657522859517872	0.008035466888334718	0.0199501246882793	0.021612635078969242	0.011360487669714602	0.003047935716264893	0.004987531172069825	0.03325020781379884	0.020781379883624274	0.005264616237184816	0.01828761429758936	0.022443890274314215	0.01856469936270435	0.0024937655860349127	0.00997506234413965	0.01801052923247437	0.012745912995289554	0.0016625103906899418	0.006372956497644777	0.0	0.01856469936270435	0.0	0.00997506234413965	0.024383485730119146	0.014408423385979495	0.0024937655860349127	0.00886672208367969	0.026045996120809087	0.003047935716264893	0.0019395954558049321	0.0036021058464948737	0.042116929897478526	0.03380437794402882	0.004987531172069825	0.021889720144084236
0.021058464948739263	0.023275145469659187	0.0024937655860349127	0.012745912995289554	0.046550290939318374	0.02632308118592408	0.006095871432529786	0.01662510390689942	0.0	0.01634801884178443	0.0	0.008035466888334718	0.03934607924632862	0.053477417567193125	0.004156275976724855	0.02660016625103907	0.022443890274314215	0.01884178442781934	0.0033250207813798837	0.012191742865059573	0.02660016625103907	0.01828761429758936	0.005264616237184816	0.010529232474369632	0.0072042116929897475	0.006650041562759767	0.0016625103906899418	0.0024937655860349127	0.07065669160432253	0.03629814353006373	0.007481296758104738	0.0199501246882793	0.021889720144084236	0.011914657799944583	0.002770850651149903	0.004433361041839845	0.033527292878913824	0.021335550013854253	0.004710446106954835	0.01801052923247437	0.022443890274314215	0.019118869492934332	0.0024937655860349127	0.00942089221390967	0.01773344416735938	0.012745912995289554	0.0019395954558049321	0.006372956497644777	0.0	0.01884178442781934	0.0	0.009697977279024661	0.024106400665004156	0.014408423385979495	0.002770850651149903	0.00886672208367969	0.026045996120809087	0.0033250207813798837	0.0019395954558049321	0.0033250207813798837	0.04100858963701857	0.034358548074258796	0.006095871432529786	0.021335550013854253
0.021335550013854253	0.023552230534774177	0.0022166805209199226	0.012468827930174564	0.04793571626489332	0.025768911055694097	0.004987531172069825	0.01690218897201441	0.0	0.01690218897201441	0.0	0.007481296758104738	0.040177334441673596	0.05403158769742311	0.0033250207813798837	0.026045996120809087	0.022443890274314215	0.019118869492934332	0.0033250207813798837	0.011914657799944583	0.02743142144638404	0.01828761429758936	0.004710446106954835	0.010252147409254642	0.0072042116929897475	0.006650041562759767	0.0016625103906899418	0.0024937655860349127	0.07204211692989748	0.03685231366029371	0.006927126627874758	0.01856469936270435	0.022166805209199225	0.011914657799944583	0.0024937655860349127	0.004433361041839845	0.033527292878913824	0.021058464948739263	0.004710446106954835	0.01828761429758936	0.022998060404544194	0.01884178442781934	0.0019395954558049321	0.009697977279024661	0.01773344416735938	0.012468827930174564	0.0019395954558049321	0.006650041562759767	0.0	0.01828761429758936	0.0	0.010252147409254642	0.023829315599889166	0.014408423385979495	0.003047935716264893	0.00886672208367969	0.026045996120809087	0.0033250207813798837	0.0019395954558049321	0.0033250207813798837	0.04156275976724855	0.03518980326960377	0.005541701302299806	0.020504294818509284
0.021335550013854253	0.022998060404544194	0.0022166805209199226	0.013022998060404543	0.048489886395123305	0.02632308118592408	0.004156275976724855	0.01662510390689942	0.0	0.017179274037129398	0.0	0.0072042116929897475	0.040177334441673596	0.05513992795788307	0.0033250207813798837	0.02493765586034913	0.022443890274314215	0.0199501246882793	0.0033250207813798837	0.011083402604599613	0.02798559157661402	0.01856469936270435	0.0038791909116098642	0.010252147409254642	0.0072042116929897475	0.006650041562759767	0.0016625103906899418	0.0024937655860349127	0.07093377666943752	0.0371293987254087	0.006927126627874758	0.01856469936270435	0.022443890274314215	0.011637572734829594	0.0022166805209199226	0.004710446106954835	0.03380437794402882	0.021335550013854253	0.004710446106954835	0.01773344416735938	0.022998060404544194	0.01884178442781934	0.0019395954558049321	0.009697977279024661	0.01828761429758936	0.012745912995289554	0.0016625103906899418	0.006095871432529786	0.0	0.01884178442781934	0.0	0.009697977279024661	0.023829315599889166	0.014408423385979495	0.003047935716264893	0.00886672208367969	0.026045996120809087	0.0033250207813798837	0.0019395954558049321	0.0033250207813798837	0.043225270157938485	0.03629814353006373	0.004710446106954835	0.019395954558049322
0.021335550013854253	0.023552230534774177	0.0022166805209199226	0.012468827930174564	0.04987531172069826	0.02660016625103907	0.002770850651149903	0.01634801884178443	0.0	0.017179274037129398	0.0	0.0072042116929897475	0.040731504571903575	0.0543086727625381	0.002770850651149903	0.025768911055694097	0.022998060404544194	0.02022720975339429	0.002770850651149903	0.010806317539484621	0.028539761706844	0.01828761429758936	0.0033250207813798837	0.010529232474369632	0.0072042116929897475	0.006650041562759767	0.0016625103906899418	0.0024937655860349127	0.0714879467996675	0.03685231366029371	0.006372956497644777	0.01884178442781934	0.022443890274314215	0.011637572734829594	0.0022166805209199226	0.004710446106954835	0.034358548074258796	0.021335550013854253	0.0038791909116098642	0.01801052923247437	0.022720975339429204	0.01967303962316431	0.0019395954558049321	0.00914380714879468	0.01856469936270435	0.012745912995289554	0.0013854253255749516	0.006095871432529786	0.0	0.01884178442781934	0.0	0.009697977279024661	0.023829315599889166	0.014685508451094486	0.003047935716264893	0.008589637018564699	0.026045996120809087	0.0036021058464948737	0.0019395954558049321	0.003047935716264893	0.04377944028816847	0.03629814353006373	0.004156275976724855	0.019395954558049322
0.021612635078969242	0.024660570795234135	0.0019395954558049321	0.011360487669714602	0.049598226655583263	0.02715433638126905	0.0024937655860349127	0.01634801884178443	0.0	0.01690218897201441	0.0	0.007481296758104738	0.04045441950678858	0.05320033250207814	0.003047935716264893	0.02687725131615406	0.022720975339429204	0.02022720975339429	0.003047935716264893	0.010806317539484621	0.02881684677195899	0.01828761429758936	0.0033250207813798837	0.010252147409254642	0.007481296758104738	0.006927126627874758	0.0013854253255749516	0.0022166805209199226	0.0714879467996675	0.03740648379052369	0.006095871432529786	0.01828761429758936	0.022443890274314215	0.011914657799944583	0.0022166805209199226	0.004433361041839845	0.03408146300914381	0.020781379883624274	0.004156275976724855	0.01856469936270435	0.023275145469659187	0.01967303962316431	0.0016625103906899418	0.00886672208367969	0.01884178442781934	0.013022998060404543	0.0011083402604599613	0.005818786367414797	0.0	0.01856469936270435	0.0	0.00997506234413965	0.024106400665004156	0.014131338320864505	0.003047935716264893	0.00886672208367969	0.02660016625103907	0.0038791909116098642	0.0013854253255749516	0.002770850651149903	0.04433361041839845	0.03657522859517872	0.0038791909116098642	0.019118869492934332
0.021889720144084236	0.023275145469659187	0.0016625103906899418	0.012745912995289554	0.049044056525353284	0.02743142144638404	0.002770850651149903	0.01634801884178443	0.0	0.01690218897201441	0.0	0.007481296758104738	0.041285674702133554	0.05403158769742311	0.0022166805209199226	0.026045996120809087	0.022720975339429204	0.020504294818509284	0.003047935716264893	0.010529232474369632	0.029093931837073983	0.01884178442781934	0.0033250207813798837	0.00942089221390967	0.0077583818232197285	0.0072042116929897475	0.0011083402604599613	0.0019395954558049321	0.07010252147409254	0.0371293987254087	0.006095871432529786	0.01801052923247437	0.022720975339429204	0.012191742865059573	0.0019395954558049321	0.004156275976724855	0.034358548074258796	0.021058464948739263	0.0038791909116098642	0.01828761429758936	0.022998060404544194	0.0199501246882793	0.0016625103906899418	0.00886672208367969	0.01856469936270435	0.013300083125519535	0.0013854253255749516	0.005541701302299806	0.0	0.019118869492934332	0.0	0.00942089221390967	0.023829315599889166	0.014131338320864505	0.0033250207813798837	0.00886672208367969	0.02687725131615406	0.0038791909116098642	0.0011083402604599613	0.002770850651149903	0.0457190357439734	0.0371293987254087	0.004433361041839845	0.01856469936270435
0.021335550013854253	0.023552230534774177	0.0022166805209199226	0.012468827930174564	0.04793571626489332	0.02743142144638404	0.0033250207813798837	0.01690218897201441	0.0	0.017179274037129398	0.0	0.0072042116929897475	0.04045441950678858	0.05403158769742311	0.003047935716264893	0.026045996120809087	0.022998060404544194	0.021058464948739263	0.002770850651149903	0.00997506234413965	0.029093931837073983	0.01828761429758936	0.0033250207813798837	0.00997506234413965	0.007481296758104738	0.006927126627874758	0.0013854253255749516	0.0022166805209199226	0.06927126627874758	0.03768356885563868	0.0077583818232197285	0.017456359102244388	0.022720975339429204	0.012468827930174564	0.0019395954558049321	0.0038791909116098642	0.034358548074258796	0.021058464948739263	0.0038791909116098642	0.01828761429758936	0.022998060404544194	0.0199501246882793	0.0016625103906899418	0.00886672208367969	0.01856469936270435	0.013577168190634524	0.0016625103906899418	0.004987531172069825	0.0	0.019118869492934332	0.0	0.00942089221390967	0.023829315599889166	0.014408423385979495	0.0033250207813798837	0.008589637018564699	0.02743142144638404	0.0038791909116098642	0.0005541701302299807	0.002770850651149903	0.04544195067885841	0.0371293987254087	0.0038791909116098642	0.01856469936270435
0.020781379883624274	0.023275145469659187	0.002770850651149903	0.012745912995289554	0.04821280133000831	0.02826267664172901	0.003047935716264893	0.016070933776669436	0.0	0.01690218897201441	0.0	0.007481296758104738	0.040731504571903575	0.05375450263230812	0.002770850651149903	0.02632308118592408	0.023552230534774177	0.021058464948739263	0.0022166805209199226	0.00997506234413965	0.02881684677195899	0.01801052923247437	0.0036021058464948737	0.010252147409254642	0.008035466888334718	0.006927126627874758	0.0008312551953449709	0.0022166805209199226	0.06982543640897755	0.039623164311443616	0.007481296758104738	0.016070933776669436	0.022998060404544194	0.012468827930174564	0.0016625103906899418	0.0038791909116098642	0.033527292878913824	0.021889720144084236	0.004433361041839845	0.01773344416735938	0.022443890274314215	0.0199501246882793	0.0022166805209199226	0.00886672208367969	0.01856469936270435	0.013854253255749516	0.0019395954558049321	0.004433361041839845	0.0	0.01856469936270435	0.0	0.00997506234413965	0.022998060404544194	0.014408423385979495	0.004156275976724855	0.008589637018564699	0.02687725131615406	0.0036021058464948737	0.0011083402604599613	0.003047935716264893	0.044610695483513436	0.03768356885563868	0.0038791909116098642	0.01801052923247437
0.021335550013854253	0.024106400665004156	0.0022166805209199226	0.011914657799944583	0.04876697146023829	0.029093931837073983	0.0024937655860349127	0.015239678581324467	0.0	0.01690218897201441	0.0	0.007481296758104738	0.040731504571903575	0.05486284289276808	0.002770850651149903	0.025214740925464118	0.023829315599889166	0.021335550013854253	0.0019395954558049321	0.009697977279024661	0.02881684677195899	0.01801052923247437	0.0036021058464948737	0.010252147409254642	0.008035466888334718	0.006650041562759767	0.0008312551953449709	0.0024937655860349127	0.07204211692989748	0.03934607924632862	0.006927126627874758	0.016070933776669436	0.022720975339429204	0.012191742865059573	0.0019395954558049321	0.004156275976724855	0.034358548074258796	0.022443890274314215	0.004156275976724855	0.01662510390689942	0.022998060404544194	0.02022720975339429	0.0019395954558049321	0.00831255195344971	0.019118869492934332	0.013854253255749516	0.0013854253255749516	0.004433361041839845	0.0	0.01828761429758936	0.0	0.010252147409254642	0.023829315599889166	0.014408423385979495	0.003047935716264893	0.00886672208367969	0.02715433638126905	0.0036021058464948737	0.0008312551953449709	0.003047935716264893	0.04377944028816847	0.03851482405098365	0.0033250207813798837	0.017179274037129398
0.021612635078969242	0.025214740925464118	0.0019395954558049321	0.010806317539484621	0.04932114159046827	0.029093931837073983	0.0019395954558049321	0.015239678581324467	0.0	0.01690218897201441	0.0	0.007481296758104738	0.041285674702133554	0.05513992795788307	0.0022166805209199226	0.02493765586034913	0.023275145469659187	0.021889720144084236	0.0024937655860349127	0.00914380714879468	0.02826267664172901	0.01828761429758936	0.0038791909116098642	0.010252147409254642	0.0077583818232197285	0.0072042116929897475	0.0008312551953449709	0.0022166805209199226	0.07481296758104738	0.039623164311443616	0.006650041562759767	0.015239678581324467	0.022443890274314215	0.012191742865059573	0.0022166805209199226	0.004156275976724855	0.034358548074258796	0.022998060404544194	0.0038791909116098642	0.01634801884178443	0.022998060404544194	0.0199501246882793	0.0022166805209199226	0.00831255195344971	0.019118869492934332	0.013577168190634524	0.0013854253255749516	0.004710446106954835	0.0	0.01856469936270435	0.0	0.00997506234413965	0.023552230534774177	0.015239678581324467	0.003047935716264893	0.00831255195344971	0.02715433638126905	0.0038791909116098642	0.0008312551953449709	0.002770850651149903	0.041285674702133554	0.03768356885563868	0.0038791909116098642	0.01801052923247437
0.021612635078969242	0.025491825990579108	0.0019395954558049321	0.010529232474369632	0.04932114159046827	0.02881684677195899	0.0024937655860349127	0.014962593516209476	0.0	0.01662510390689942	0.0	0.0077583818232197285	0.04100858963701857	0.05569409808811305	0.0024937655860349127	0.024383485730119146	0.023552230534774177	0.021889720144084236	0.0022166805209199226	0.00914380714879468	0.028539761706844	0.01856469936270435	0.0033250207813798837	0.010252147409254642	0.0077583818232197285	0.0072042116929897475	0.0008312551953449709	0.0022166805209199226	0.07675256303685231	0.039623164311443616	0.006372956497644777	0.015239678581324467	0.022443890274314215	0.012191742865059573	0.0022166805209199226	0.004156275976724855	0.03463563313937379	0.022720975339429204	0.0038791909116098642	0.01634801884178443	0.022998060404544194	0.019395954558049322	0.0022166805209199226	0.00886672208367969	0.01967303962316431	0.012468827930174564	0.0008312551953449709	0.005818786367414797	0.0	0.01828761429758936	0.0	0.010252147409254642	0.024106400665004156	0.014685508451094486	0.0024937655860349127	0.00886672208367969	0.02687725131615406	0.0038791909116098642	0.0011083402604599613	0.002770850651149903	0.040177334441673596	0.03768356885563868	0.0033250207813798837	0.01801052923247437
0.022443890274314215	0.025768911055694097	0.0011083402604599613	0.010252147409254642	0.04932114159046827	0.029371016902188973	0.0024937655860349127	0.014408423385979495	0.0	0.016070933776669436	0.0	0.00831255195344971	0.04045441950678858	0.05486284289276808	0.003047935716264893	0.025214740925464118	0.023552230534774177	0.021889720144084236	0.0022166805209199226	0.00914380714879468	0.02770850651149903	0.01884178442781934	0.0036021058464948737	0.010529232474369632	0.00831255195344971	0.0072042116929897475	0.0005541701302299807	0.0019395954558049321	0.07813798836242726	0.038237738985868665	0.005541701302299806	0.01634801884178443	0.022720975339429204	0.012191742865059573	0.0019395954558049321	0.004156275976724855	0.03574397339983375	0.023552230534774177	0.003047935716264893	0.015239678581324467	0.023275145469659187	0.01967303962316431	0.0019395954558049321	0.008589637018564699	0.019118869492934332	0.013022998060404543	0.0011083402604599613	0.005541701302299806	0.0	0.019118869492934332	0.0	0.00942089221390967	0.023829315599889166	0.015239678581324467	0.0024937655860349127	0.008589637018564699	0.02687725131615406	0.004433361041839845	0.0011083402604599613	0.0022166805209199226	0.0399002493765586	0.03796065392075367	0.0033250207813798837	0.01773344416735938
0.022443890274314215	0.026045996120809087	0.0011083402604599613	0.00997506234413965	0.049044056525353284	0.029093931837073983	0.002770850651149903	0.014685508451094486	0.0	0.015793848711554447	0.0	0.008589637018564699	0.040731504571903575	0.05458575782765309	0.002770850651149903	0.025491825990579108	0.023552230534774177	0.022443890274314215	0.0022166805209199226	0.008589637018564699	0.029093931837073983	0.01828761429758936	0.002770850651149903	0.010529232474369632	0.008589637018564699	0.006927126627874758	0.0005541701302299807	0.0019395954558049321	0.0800775838182322	0.03851482405098365	0.004987531172069825	0.016070933776669436	0.022720975339429204	0.012468827930174564	0.0019395954558049321	0.0038791909116098642	0.03629814353006373	0.022443890274314215	0.003047935716264893	0.015793848711554447	0.024660570795234135	0.019395954558049322	0.0011083402604599613	0.00831255195344971	0.01967303962316431	0.012468827930174564	0.0008312551953449709	0.005818786367414797	0.0	0.019395954558049322	0.0	0.00914380714879468	0.023829315599889166	0.014962593516209476	0.0024937655860349127	0.00886672208367969	0.02632308118592408	0.004433361041839845	0.0016625103906899418	0.0022166805209199226	0.03796065392075367	0.038237738985868665	0.0038791909116098642	0.017456359102244388
0.022720975339429204	0.026045996120809087	0.0008312551953449709	0.00997506234413965	0.048489886395123305	0.028539761706844	0.0033250207813798837	0.015239678581324467	0.0	0.015793848711554447	0.0	0.008589637018564699	0.040731504571903575	0.05458575782765309	0.002770850651149903	0.025491825990579108	0.023552230534774177	0.022166805209199225	0.0022166805209199226	0.00886672208367969	0.029371016902188973	0.019395954558049322	0.002770850651149903	0.00914380714879468	0.00831255195344971	0.006650041562759767	0.0008312551953449709	0.0022166805209199226	0.08090883901357716	0.03906899418121363	0.004433361041839845	0.015793848711554447	0.022443890274314215	0.012745912995289554	0.0022166805209199226	0.0036021058464948737	0.03685231366029371	0.022443890274314215	0.002770850651149903	0.015516763646439457	0.02493765586034913	0.019118869492934332	0.0011083402604599613	0.00831255195344971	0.01967303962316431	0.012745912995289554	0.0005541701302299807	0.005818786367414797	0.0	0.01967303962316431	0.0	0.00886672208367969	0.023552230534774177	0.015239678581324467	0.002770850651149903	0.008589637018564699	0.02632308118592408	0.0038791909116098642	0.0016625103906899418	0.002770850651149903	0.03740648379052369	0.038791909116098644	0.0038791909116098642	0.01690218897201441
0.022720975339429204	0.02632308118592408	0.0008312551953449709	0.009697977279024661	0.049044056525353284	0.02826267664172901	0.003047935716264893	0.015239678581324467	0.0	0.015793848711554447	0.0	0.008589637018564699	0.041285674702133554	0.05513992795788307	0.0022166805209199226	0.02493765586034913	0.024106400665004156	0.022443890274314215	0.0016625103906899418	0.008589637018564699	0.030756442227763924	0.01884178442781934	0.0016625103906899418	0.00942089221390967	0.0077583818232197285	0.006650041562759767	0.0013854253255749516	0.0022166805209199226	0.08146300914380715	0.039623164311443616	0.004987531172069825	0.015239678581324467	0.022720975339429204	0.013022998060404543	0.0019395954558049321	0.0033250207813798837	0.03685231366029371	0.022720975339429204	0.003047935716264893	0.014962593516209476	0.024660570795234135	0.01967303962316431	0.0016625103906899418	0.007481296758104738	0.019118869492934332	0.012468827930174564	0.0008312551953449709	0.006372956497644777	0.0	0.0199501246882793	0.0	0.008589637018564699	0.023829315599889166	0.015239678581324467	0.002770850651149903	0.00831255195344971	0.02632308118592408	0.004433361041839845	0.0016625103906899418	0.0022166805209199226	0.03629814353006373	0.03906899418121363	0.0038791909116098642	0.01662510390689942
0.022998060404544194	0.02660016625103907	0.0005541701302299807	0.00942089221390967	0.049598226655583263	0.028539761706844	0.002770850651149903	0.014685508451094486	0.0	0.015793848711554447	0.0	0.008589637018564699	0.04100858963701857	0.05597118315322804	0.0024937655860349127	0.024106400665004156	0.024383485730119146	0.022443890274314215	0.0013854253255749516	0.008589637018564699	0.03131061235799391	0.019395954558049322	0.0011083402604599613	0.00886672208367969	0.0077583818232197285	0.006650041562759767	0.0013854253255749516	0.0022166805209199226	0.08146300914380715	0.041285674702133554	0.004156275976724855	0.013577168190634524	0.022443890274314215	0.012745912995289554	0.0022166805209199226	0.0036021058464948737	0.03685231366029371	0.022998060404544194	0.0033250207813798837	0.014408423385979495	0.024383485730119146	0.0199501246882793	0.0019395954558049321	0.0072042116929897475	0.01884178442781934	0.012468827930174564	0.0008312551953449709	0.006650041562759767	0.0	0.01967303962316431	0.0	0.00886672208367969	0.024106400665004156	0.014962593516209476	0.0024937655860349127	0.008589637018564699	0.02660016625103907	0.004433361041839845	0.0013854253255749516	0.0022166805209199226	0.03629814353006373	0.039623164311443616	0.004710446106954835	0.016070933776669436
0.022720975339429204	0.02632308118592408	0.0008312551953449709	0.009697977279024661	0.049044056525353284	0.02798559157661402	0.0033250207813798837	0.015239678581324467	0.0	0.017179274037129398	0.0	0.0072042116929897475	0.041285674702133554	0.05541701302299806	0.0022166805209199226	0.024660570795234135	0.024383485730119146	0.022443890274314215	0.0013854253255749516	0.008589637018564699	0.030756442227763924	0.019118869492934332	0.0016625103906899418	0.00914380714879468	0.008035466888334718	0.006927126627874758	0.0011083402604599613	0.0019395954558049321	0.08090883901357716	0.041285674702133554	0.004433361041839845	0.013577168190634524	0.022998060404544194	0.012745912995289554	0.0016625103906899418	0.0036021058464948737	0.03629814353006373	0.024383485730119146	0.0038791909116098642	0.013022998060404543	0.024660570795234135	0.01967303962316431	0.0019395954558049321	0.0072042116929897475	0.01884178442781934	0.013300083125519535	0.0008312551953449709	0.005818786367414797	0.0	0.01967303962316431	0.0	0.00886672208367969	0.023552230534774177	0.015239678581324467	0.003047935716264893	0.00831255195344971	0.02660016625103907	0.004433361041839845	0.0013854253255749516	0.0022166805209199226	0.03685231366029371	0.039623164311443616	0.004433361041839845	0.016070933776669436
0.022443890274314215	0.026045996120809087	0.0011083402604599613	0.00997506234413965	0.04987531172069826	0.02770850651149903	0.0024937655860349127	0.015516763646439457	0.0	0.01690218897201441	0.0	0.007481296758104738	0.041285674702133554	0.056802438348573014	0.0022166805209199226	0.023275145469659187	0.024383485730119146	0.022443890274314215	0.0013854253255749516	0.008589637018564699	0.030756442227763924	0.01884178442781934	0.0016625103906899418	0.00942089221390967	0.0077583818232197285	0.006927126627874758	0.0013854253255749516	0.0019395954558049321	0.0798004987531172	0.042116929897478526	0.004710446106954835	0.013022998060404543	0.023552230534774177	0.012745912995289554	0.0011083402604599613	0.0036021058464948737	0.03657522859517872	0.024383485730119146	0.0038791909116098642	0.012745912995289554	0.02493765586034913	0.019118869492934332	0.0016625103906899418	0.0077583818232197285	0.019395954558049322	0.013300083125519535	0.0002770850651149903	0.005818786367414797	0.0	0.0199501246882793	0.0	0.008589637018564699	0.024106400665004156	0.015239678581324467	0.002770850651149903	0.008035466888334718	0.02660016625103907	0.004710446106954835	0.0013854253255749516	0.0019395954558049321	0.038237738985868665	0.03934607924632862	0.0036021058464948737	0.01634801884178443
0.022443890274314215	0.025491825990579108	0.0011083402604599613	0.010529232474369632	0.04876697146023829	0.028539761706844	0.003047935716264893	0.015239678581324467	0.0	0.017179274037129398	0.0	0.0072042116929897475	0.04183984483236353	0.05763369354391798	0.0016625103906899418	0.022443890274314215	0.024383485730119146	0.021889720144084236	0.0013854253255749516	0.00914380714879468	0.031033527292878914	0.01884178442781934	0.0016625103906899418	0.00914380714879468	0.0077583818232197285	0.006927126627874758	0.0013854253255749516	0.0019395954558049321	0.0800775838182322	0.0429481850928235	0.004710446106954835	0.012468827930174564	0.023829315599889166	0.012468827930174564	0.0008312551953449709	0.0038791909116098642	0.03685231366029371	0.024106400665004156	0.0038791909116098642	0.012745912995289554	0.024383485730119146	0.019395954558049322	0.0019395954558049321	0.0077583818232197285	0.019395954558049322	0.013300083125519535	0.0	0.006095871432529786	0.0	0.019395954558049322	0.0	0.00914380714879468	0.024383485730119146	0.014962593516209476	0.0024937655860349127	0.00831255195344971	0.02660016625103907	0.004710446106954835	0.0013854253255749516	0.0019395954558049321	0.03796065392075367	0.03851482405098365	0.0033250207813798837	0.017179274037129398
0.022166805209199225	0.025214740925464118	0.0013854253255749516	0.010806317539484621	0.04876697146023829	0.02798559157661402	0.0033250207813798837	0.015516763646439457	0.0	0.017179274037129398	0.0	0.0072042116929897475	0.041285674702133554	0.05791077860903297	0.0022166805209199226	0.022166805209199225	0.02493765586034913	0.021612635078969242	0.0008312551953449709	0.00942089221390967	0.030756442227763924	0.019395954558049322	0.0019395954558049321	0.008589637018564699	0.008035466888334718	0.006650041562759767	0.0011083402604599613	0.0022166805209199226	0.07952341368800221	0.042671100027708506	0.004156275976724855	0.013022998060404543	0.024383485730119146	0.011637572734829594	0.0002770850651149903	0.004710446106954835	0.03796065392075367	0.02493765586034913	0.002770850651149903	0.011914657799944583	0.024383485730119146	0.019118869492934332	0.0022166805209199226	0.0077583818232197285	0.01967303962316431	0.013300083125519535	0.0	0.005818786367414797	0.0	0.01967303962316431	0.0	0.00886672208367969	0.02493765586034913	0.015239678581324467	0.0019395954558049321	0.008035466888334718	0.02660016625103907	0.004710446106954835	0.0013854253255749516	0.0019395954558049321	0.03906899418121363	0.03934607924632862	0.003047935716264893	0.01634801884178443
0.022720975339429204	0.02493765586034913	0.0008312551953449709	0.011083402604599613	0.04876697146023829	0.02798559157661402	0.0033250207813798837	0.015516763646439457	0.0	0.01690218897201441	0.0	0.007481296758104738	0.041285674702133554	0.05763369354391798	0.0022166805209199226	0.022443890274314215	0.02493765586034913	0.020781379883624274	0.0008312551953449709	0.010252147409254642	0.030756442227763924	0.02022720975339429	0.0019395954558049321	0.0077583818232197285	0.007481296758104738	0.006927126627874758	0.0013854253255749516	0.0022166805209199226	0.08063175394846218	0.042116929897478526	0.004433361041839845	0.013577168190634524	0.024106400665004156	0.011360487669714602	0.0005541701302299807	0.004987531172069825	0.03768356885563868	0.025214740925464118	0.003047935716264893	0.011637572734829594	0.024106400665004156	0.019118869492934332	0.0024937655860349127	0.0077583818232197285	0.019395954558049322	0.013300083125519535	0.0002770850651149903	0.005818786367414797	0.0	0.019395954558049322	0.0	0.00914380714879468	0.025214740925464118	0.014685508451094486	0.0016625103906899418	0.008589637018564699	0.02743142144638404	0.004710446106954835	0.0005541701302299807	0.0019395954558049321	0.03796065392075367	0.0399002493765586	0.002770850651149903	0.015793848711554447
0.022443890274314215	0.023829315599889166	0.0011083402604599613	0.012191742865059573	0.04987531172069826	0.02798559157661402	0.002770850651149903	0.014962593516209476	0.0	0.01690218897201441	0.0	0.007481296758104738	0.040177334441673596	0.05763369354391798	0.0033250207813798837	0.022443890274314215	0.024660570795234135	0.020781379883624274	0.0011083402604599613	0.010252147409254642	0.03158769742310889	0.01967303962316431	0.0013854253255749516	0.008035466888334718	0.0072042116929897475	0.006927126627874758	0.0016625103906899418	0.0022166805209199226	0.08118592407869216	0.04156275976724855	0.004433361041839845	0.014131338320864505	0.024106400665004156	0.011360487669714602	0.0005541701302299807	0.004987531172069825	0.03796065392075367	0.026045996120809087	0.002770850651149903	0.010806317539484621	0.02493765586034913	0.019118869492934332	0.0016625103906899418	0.0077583818232197285	0.019118869492934332	0.012468827930174564	0.0005541701302299807	0.006650041562759767	0.0	0.019395954558049322	0.0	0.00914380714879468	0.025214740925464118	0.014962593516209476	0.0016625103906899418	0.00831255195344971	0.02743142144638404	0.004156275976724855	0.0005541701302299807	0.0024937655860349127	0.03851482405098365	0.0399002493765586	0.0016625103906899418	0.015793848711554447
0.022166805209199225	0.024106400665004156	0.0013854253255749516	0.011914657799944583	0.05015239678581324	0.02881684677195899	0.002770850651149903	0.013854253255749516	0.0	0.01690218897201441	0.0	0.007481296758104738	0.040177334441673596	0.058742033804377945	0.0033250207813798837	0.021335550013854253	0.02493765586034913	0.020504294818509284	0.0008312551953449709	0.010529232474369632	0.031864782488223886	0.01967303962316431	0.0011083402604599613	0.008035466888334718	0.0072042116929897475	0.006650041562759767	0.0016625103906899418	0.0024937655860349127	0.08174009420892214	0.04156275976724855	0.004433361041839845	0.013854253255749516	0.023829315599889166	0.011914657799944583	0.0008312551953449709	0.004433361041839845	0.03768356885563868	0.02743142144638404	0.003047935716264893	0.00942089221390967	0.024660570795234135	0.01828761429758936	0.0019395954558049321	0.008589637018564699	0.019118869492934332	0.012745912995289554	0.0005541701302299807	0.006372956497644777	0.0	0.01801052923247437	0.0	0.010529232474369632	0.025491825990579108	0.014962593516209476	0.0013854253255749516	0.00831255195344971	0.02743142144638404	0.004156275976724855	0.0005541701302299807	0.0024937655860349127	0.03851482405098365	0.041285674702133554	0.0013854253255749516	0.014408423385979495
0.022166805209199225	0.023552230534774177	0.0013854253255749516	0.012468827930174564	0.04932114159046827	0.02881684677195899	0.003047935716264893	0.014408423385979495	0.0	0.01634801884178443	0.0	0.008035466888334718	0.04045441950678858	0.059296203934607924	0.003047935716264893	0.020781379883624274	0.024660570795234135	0.0199501246882793	0.0011083402604599613	0.011083402604599613	0.03131061235799391	0.019395954558049322	0.0016625103906899418	0.00831255195344971	0.007481296758104738	0.006650041562759767	0.0016625103906899418	0.0022166805209199226	0.08229426433915212	0.042116929897478526	0.004156275976724855	0.013300083125519535	0.023829315599889166	0.011914657799944583	0.0008312551953449709	0.004433361041839845	0.038237738985868665	0.02715433638126905	0.002770850651149903	0.00942089221390967	0.024660570795234135	0.017179274037129398	0.0019395954558049321	0.009697977279024661	0.01884178442781934	0.013300083125519535	0.0008312551953449709	0.005818786367414797	0.0	0.01828761429758936	0.0	0.010252147409254642	0.024660570795234135	0.014685508451094486	0.0019395954558049321	0.00886672208367969	0.02687725131615406	0.004156275976724855	0.0011083402604599613	0.0024937655860349127	0.038237738985868665	0.041285674702133554	0.0013854253255749516	0.014408423385979495
0.021889720144084236	0.023552230534774177	0.0016625103906899418	0.012468827930174564	0.04876697146023829	0.029925187032418952	0.0036021058464948737	0.013300083125519535	0.0	0.01662510390689942	0.0	0.0077583818232197285	0.04045441950678858	0.05957328899972292	0.003047935716264893	0.020504294818509284	0.024383485730119146	0.0199501246882793	0.0013854253255749516	0.011083402604599613	0.03131061235799391	0.019395954558049322	0.0016625103906899418	0.00831255195344971	0.008035466888334718	0.006650041562759767	0.0011083402604599613	0.0022166805209199226	0.08118592407869216	0.042116929897478526	0.004710446106954835	0.013577168190634524	0.023552230534774177	0.011914657799944583	0.0011083402604599613	0.004433361041839845	0.038237738985868665	0.02743142144638404	0.002770850651149903	0.00914380714879468	0.024660570795234135	0.01690218897201441	0.0022166805209199226	0.009697977279024661	0.01828761429758936	0.014131338320864505	0.0011083402604599613	0.005264616237184816	0.0	0.01884178442781934	0.0	0.009697977279024661	0.024106400665004156	0.014408423385979495	0.0024937655860349127	0.00914380714879468	0.02687725131615406	0.004433361041839845	0.0011083402604599613	0.0022166805209199226	0.038791909116098644	0.040731504571903575	0.0011083402604599613	0.014962593516209476
0.022166805209199225	0.023552230534774177	0.0013854253255749516	0.012468827930174564	0.04821280133000831	0.030479357162648935	0.004156275976724855	0.012745912995289554	0.0	0.01662510390689942	0.0	0.0077583818232197285	0.04156275976724855	0.058742033804377945	0.0019395954558049321	0.021335550013854253	0.024383485730119146	0.019118869492934332	0.0013854253255749516	0.011914657799944583	0.031033527292878914	0.019118869492934332	0.0019395954558049321	0.008589637018564699	0.008035466888334718	0.006927126627874758	0.0011083402604599613	0.0019395954558049321	0.0828484344693821	0.041285674702133554	0.004156275976724855	0.013577168190634524	0.023829315599889166	0.011914657799944583	0.0008312551953449709	0.004433361041839845	0.038791909116098644	0.02743142144638404	0.002770850651149903	0.008589637018564699	0.024660570795234135	0.017179274037129398	0.0022166805209199226	0.00942089221390967	0.01801052923247437	0.014408423385979495	0.0013854253255749516	0.004987531172069825	0.0	0.019118869492934332	0.0	0.00942089221390967	0.024383485730119146	0.014408423385979495	0.0024937655860349127	0.00886672208367969	0.02687725131615406	0.004710446106954835	0.0011083402604599613	0.0019395954558049321	0.03796065392075367	0.03934607924632862	0.0016625103906899418	0.01634801884178443
0.022166805209199225	0.022720975339429204	0.0013854253255749516	0.013300083125519535	0.04932114159046827	0.030479357162648935	0.0036021058464948737	0.012191742865059573	0.0	0.01662510390689942	0.0	0.0077583818232197285	0.04183984483236353	0.058742033804377945	0.0016625103906899418	0.021335550013854253	0.024383485730119146	0.02022720975339429	0.0013854253255749516	0.010806317539484621	0.030756442227763924	0.019118869492934332	0.0022166805209199226	0.008589637018564699	0.008035466888334718	0.006927126627874758	0.0011083402604599613	0.0019395954558049321	0.08146300914380715	0.04183984483236353	0.005818786367414797	0.013022998060404543	0.024106400665004156	0.011637572734829594	0.0005541701302299807	0.004710446106954835	0.03934607924632862	0.02743142144638404	0.0022166805209199226	0.008589637018564699	0.024383485730119146	0.01801052923247437	0.002770850651149903	0.00831255195344971	0.017456359102244388	0.014408423385979495	0.0019395954558049321	0.004987531172069825	0.0	0.01967303962316431	0.0	0.00886672208367969	0.024106400665004156	0.014408423385979495	0.0022166805209199226	0.00942089221390967	0.02632308118592408	0.004710446106954835	0.0016625103906899418	0.0019395954558049321	0.0371293987254087	0.038791909116098644	0.0022166805209199226	0.01690218897201441
0.022720975339429204	0.023275145469659187	0.0008312551953449709	0.012745912995289554	0.04987531172069826	0.029925187032418952	0.0033250207813798837	0.012468827930174564	0.0	0.01634801884178443	0.0	0.008035466888334718	0.04156275976724855	0.05846494873926295	0.0019395954558049321	0.021612635078969242	0.024660570795234135	0.020781379883624274	0.0011083402604599613	0.010252147409254642	0.031033527292878914	0.01884178442781934	0.0016625103906899418	0.00914380714879468	0.00831255195344971	0.006372956497644777	0.0008312551953449709	0.0024937655860349127	0.08257134940426711	0.041285674702133554	0.005541701302299806	0.013300083125519535	0.024106400665004156	0.011637572734829594	0.0005541701302299807	0.004710446106954835	0.03906899418121363	0.02715433638126905	0.002770850651149903	0.008589637018564699	0.024660570795234135	0.01828761429758936	0.0024937655860349127	0.008035466888334718	0.017456359102244388	0.014408423385979495	0.0019395954558049321	0.004987531172069825	0.0	0.019395954558049322	0.0	0.00914380714879468	0.024106400665004156	0.014131338320864505	0.0024937655860349127	0.00942089221390967	0.025768911055694097	0.004710446106954835	0.0022166805209199226	0.0019395954558049321	0.03657522859517872	0.038791909116098644	0.0022166805209199226	0.01690218897201441
0.022443890274314215	0.023829315599889166	0.0011083402604599613	0.012191742865059573	0.05070656691604322	0.029371016902188973	0.002770850651149903	0.012745912995289554	0.0	0.01662510390689942	0.0	0.0077583818232197285	0.041285674702133554	0.058742033804377945	0.0022166805209199226	0.021335550013854253	0.024660570795234135	0.0199501246882793	0.0011083402604599613	0.011083402604599613	0.030479357162648935	0.01856469936270435	0.0022166805209199226	0.00942089221390967	0.008589637018564699	0.006372956497644777	0.0005541701302299807	0.0024937655860349127	0.08090883901357716	0.04045441950678858	0.005818786367414797	0.014408423385979495	0.023829315599889166	0.011637572734829594	0.0008312551953449709	0.004710446106954835	0.03906899418121363	0.02687725131615406	0.002770850651149903	0.00886672208367969	0.024383485730119146	0.01773344416735938	0.002770850651149903	0.008589637018564699	0.01773344416735938	0.015239678581324467	0.0016625103906899418	0.004156275976724855	0.0	0.0199501246882793	0.0	0.008589637018564699	0.024660570795234135	0.014408423385979495	0.0019395954558049321	0.00914380714879468	0.02632308118592408	0.004710446106954835	0.0016625103906899418	0.0019395954558049321	0.038237738985868665	0.038237738985868665	0.0016625103906899418	0.017456359102244388
0.022443890274314215	0.024106400665004156	0.0011083402604599613	0.011914657799944583	0.04987531172069826	0.029093931837073983	0.002770850651149903	0.013854253255749516	0.0	0.01690218897201441	0.0	0.007481296758104738	0.04156275976724855	0.05846494873926295	0.0019395954558049321	0.021612635078969242	0.024660570795234135	0.02022720975339429	0.0011083402604599613	0.010806317539484621	0.029648101967303962	0.019118869492934332	0.0024937655860349127	0.00942089221390967	0.008589637018564699	0.006372956497644777	0.0005541701302299807	0.0024937655860349127	0.0798004987531172	0.04045441950678858	0.006095871432529786	0.014408423385979495	0.023829315599889166	0.011637572734829594	0.0008312551953449709	0.004710446106954835	0.03851482405098365	0.02632308118592408	0.0033250207813798837	0.00942089221390967	0.025768911055694097	0.01773344416735938	0.0016625103906899418	0.00831255195344971	0.01801052923247437	0.015516763646439457	0.0013854253255749516	0.0038791909116098642	0.0	0.0199501246882793	0.0	0.008589637018564699	0.024660570795234135	0.014408423385979495	0.0019395954558049321	0.00914380714879468	0.025768911055694097	0.004710446106954835	0.0022166805209199226	0.0019395954558049321	0.03906899418121363	0.0371293987254087	0.0016625103906899418	0.01856469936270435
0.022720975339429204	0.023829315599889166	0.0008312551953449709	0.012191742865059573	0.05015239678581324	0.029371016902188973	0.002770850651149903	0.013300083125519535	0.0	0.01690218897201441	0.0	0.007481296758104738	0.04100858963701857	0.05791077860903297	0.0024937655860349127	0.022166805209199225	0.024383485730119146	0.02022720975339429	0.0013854253255749516	0.010806317539484621	0.029093931837073983	0.01856469936270435	0.002770850651149903	0.010252147409254642	0.008589637018564699	0.005818786367414797	0.0005541701302299807	0.003047935716264893	0.0800775838182322	0.040177334441673596	0.004433361041839845	0.015239678581324467	0.023829315599889166	0.011360487669714602	0.0008312551953449709	0.004987531172069825	0.038791909116098644	0.02632308118592408	0.003047935716264893	0.00942089221390967	0.025768911055694097	0.01801052923247437	0.0016625103906899418	0.008035466888334718	0.017456359102244388	0.015793848711554447	0.0019395954558049321	0.0036021058464948737	0.0	0.020781379883624274	0.0	0.0077583818232197285	0.024660570795234135	0.014962593516209476	0.0019395954558049321	0.008589637018564699	0.025491825990579108	0.004710446106954835	0.0024937655860349127	0.0019395954558049321	0.040177334441673596	0.03574397339983375	0.0013854253255749516	0.0199501246882793
0.022720975339429204	0.024383485730119146	0.0008312551953449709	0.011637572734829594	0.049598226655583263	0.029925187032418952	0.003047935716264893	0.013022998060404543	0.0	0.01662510390689942	0.0	0.0077583818232197285	0.04156275976724855	0.057356608478802994	0.0019395954558049321	0.022720975339429204	0.024106400665004156	0.020504294818509284	0.0016625103906899418	0.010529232474369632	0.029093931837073983	0.01801052923247437	0.0024937655860349127	0.011083402604599613	0.00831255195344971	0.005541701302299806	0.0008312551953449709	0.0033250207813798837	0.0798004987531172	0.04100858963701857	0.004987531172069825	0.014131338320864505	0.023829315599889166	0.012191742865059573	0.0008312551953449709	0.004156275976724855	0.03906899418121363	0.025768911055694097	0.003047935716264893	0.009697977279024661	0.02632308118592408	0.01773344416735938	0.0011083402604599613	0.00831255195344971	0.017456359102244388	0.015793848711554447	0.0016625103906899418	0.0038791909116098642	0.0	0.02022720975339429	0.0	0.00831255195344971	0.025214740925464118	0.014962593516209476	0.0016625103906899418	0.00831255195344971	0.025491825990579108	0.004710446106954835	0.0024937655860349127	0.0019395954558049321	0.04045441950678858	0.034912718204488775	0.0011083402604599613	0.020781379883624274
0.022720975339429204	0.024106400665004156	0.0008312551953449709	0.011914657799944583	0.05015239678581324	0.029648101967303962	0.003047935716264893	0.012745912995289554	0.0	0.01690218897201441	0.0	0.007481296758104738	0.04156275976724855	0.057356608478802994	0.0019395954558049321	0.022720975339429204	0.023829315599889166	0.02022720975339429	0.0019395954558049321	0.010806317539484621	0.028539761706844	0.01801052923247437	0.003047935716264893	0.011083402604599613	0.008035466888334718	0.005264616237184816	0.0011083402604599613	0.0036021058464948737	0.0798004987531172	0.04100858963701857	0.005264616237184816	0.014131338320864505	0.023552230534774177	0.011914657799944583	0.0011083402604599613	0.004433361041839845	0.03934607924632862	0.025214740925464118	0.002770850651149903	0.010252147409254642	0.02632308118592408	0.017179274037129398	0.0011083402604599613	0.00886672208367969	0.01773344416735938	0.015516763646439457	0.0013854253255749516	0.004156275976724855	0.0	0.020504294818509284	0.0	0.008035466888334718	0.025214740925464118	0.013854253255749516	0.0016625103906899418	0.00942089221390967	0.025491825990579108	0.004710446106954835	0.0024937655860349127	0.0019395954558049321	0.040177334441673596	0.03546688833471876	0.0011083402604599613	0.02022720975339429
0.022998060404544194	0.024660570795234135	0.0005541701302299807	0.011360487669714602	0.050429481850928236	0.029648101967303962	0.0033250207813798837	0.012191742865059573	0.0	0.017179274037129398	0.0	0.0072042116929897475	0.04183984483236353	0.05652535328345802	0.0016625103906899418	0.023552230534774177	0.023552230534774177	0.020781379883624274	0.0022166805209199226	0.010252147409254642	0.02881684677195899	0.01801052923247437	0.0033250207813798837	0.010529232474369632	0.007481296758104738	0.005541701302299806	0.0013854253255749516	0.0036021058464948737	0.0798004987531172	0.04045441950678858	0.006095871432529786	0.014685508451094486	0.023552230534774177	0.011637572734829594	0.0011083402604599613	0.004710446106954835	0.0399002493765586	0.025491825990579108	0.0022166805209199226	0.00997506234413965	0.02743142144638404	0.017179274037129398	0.0005541701302299807	0.00831255195344971	0.01773344416735938	0.015516763646439457	0.0013854253255749516	0.004156275976724855	0.0	0.020504294818509284	0.0	0.008035466888334718	0.02493765586034913	0.013300083125519535	0.0016625103906899418	0.010252147409254642	0.025491825990579108	0.004987531172069825	0.0024937655860349127	0.0016625103906899418	0.03934607924632862	0.03546688833471876	0.0011083402604599613	0.02022720975339429
0.022720975339429204	0.023829315599889166	0.0008312551953449709	0.012191742865059573	0.05070656691604322	0.029925187032418952	0.003047935716264893	0.011914657799944583	0.0	0.01662510390689942	0.0	0.0077583818232197285	0.04183984483236353	0.05597118315322804	0.0016625103906899418	0.024106400665004156	0.023275145469659187	0.020504294818509284	0.0024937655860349127	0.010529232474369632	0.02881684677195899	0.01801052923247437	0.003047935716264893	0.010806317539484621	0.007481296758104738	0.005818786367414797	0.0013854253255749516	0.0033250207813798837	0.08063175394846218	0.040177334441673596	0.006372956497644777	0.014962593516209476	0.023552230534774177	0.011914657799944583	0.0011083402604599613	0.004433361041839845	0.039623164311443616	0.025491825990579108	0.0024937655860349127	0.00997506234413965	0.02715433638126905	0.01690218897201441	0.0008312551953449709	0.008589637018564699	0.01801052923247437	0.014962593516209476	0.0011083402604599613	0.004710446106954835	0.0	0.02022720975339429	0.0	0.00831255195344971	0.025214740925464118	0.014131338320864505	0.0013854253255749516	0.00942089221390967	0.025768911055694097	0.004987531172069825	0.0022166805209199226	0.0016625103906899418	0.03796065392075367	0.0371293987254087	0.0013854253255749516	0.01856469936270435
0.022720975339429204	0.023275145469659187	0.0008312551953449709	0.012745912995289554	0.05070656691604322	0.029093931837073983	0.002770850651149903	0.013022998060404543	0.0	0.01662510390689942	0.0	0.0077583818232197285	0.041285674702133554	0.05652535328345802	0.0022166805209199226	0.023552230534774177	0.023275145469659187	0.02022720975339429	0.0024937655860349127	0.010806317539484621	0.028539761706844	0.01801052923247437	0.0033250207813798837	0.010806317539484621	0.007481296758104738	0.005818786367414797	0.0013854253255749516	0.0033250207813798837	0.07924632862288723	0.041285674702133554	0.004987531172069825	0.014408423385979495	0.022998060404544194	0.012191742865059573	0.0016625103906899418	0.004156275976724855	0.040177334441673596	0.02632308118592408	0.0022166805209199226	0.00886672208367969	0.02743142144638404	0.017456359102244388	0.0005541701302299807	0.008035466888334718	0.01828761429758936	0.014685508451094486	0.0011083402604599613	0.004710446106954835	0.0	0.020504294818509284	0.0	0.008035466888334718	0.025491825990579108	0.014685508451094486	0.0013854253255749516	0.008589637018564699	0.026045996120809087	0.004987531172069825	0.0019395954558049321	0.0016625103906899418	0.04045441950678858	0.038237738985868665	0.0011083402604599613	0.017456359102244388
0.022443890274314215	0.024106400665004156	0.0011083402604599613	0.011914657799944583	0.05126073704627321	0.029371016902188973	0.0022166805209199226	0.012745912995289554	0.0	0.01690218897201441	0.0	0.007481296758104738	0.04156275976724855	0.05597118315322804	0.0019395954558049321	0.024106400665004156	0.023829315599889166	0.01967303962316431	0.0019395954558049321	0.011360487669714602	0.028539761706844	0.017179274037129398	0.0036021058464948737	0.011360487669714602	0.0072042116929897475	0.005818786367414797	0.0016625103906899418	0.0033250207813798837	0.07924632862288723	0.04100858963701857	0.005264616237184816	0.014685508451094486	0.022720975339429204	0.011914657799944583	0.0019395954558049321	0.004433361041839845	0.04045441950678858	0.026045996120809087	0.0022166805209199226	0.00886672208367969	0.02687725131615406	0.017179274037129398	0.0011083402604599613	0.00831255195344971	0.01828761429758936	0.015516763646439457	0.0011083402604599613	0.0038791909116098642	0.0	0.02022720975339429	0.0	0.00831255195344971	0.025491825990579108	0.014685508451094486	0.0016625103906899418	0.00831255195344971	0.026045996120809087	0.004710446106954835	0.0019395954558049321	0.0019395954558049321	0.040177334441673596	0.038237738985868665	0.0011083402604599613	0.017456359102244388
0.022720975339429204	0.024383485730119146	0.0008312551953449709	0.011637572734829594	0.050429481850928236	0.029648101967303962	0.003047935716264893	0.012468827930174564	0.0	0.01634801884178443	0.0	0.008035466888334718	0.04156275976724855	0.05569409808811305	0.0019395954558049321	0.024383485730119146	0.024106400665004156	0.019118869492934332	0.0016625103906899418	0.011914657799944583	0.028539761706844	0.01662510390689942	0.0038791909116098642	0.011637572734829594	0.0072042116929897475	0.006372956497644777	0.0016625103906899418	0.002770850651149903	0.07786090329731228	0.04183984483236353	0.005818786367414797	0.014131338320864505	0.022720975339429204	0.012191742865059573	0.0019395954558049321	0.004156275976724855	0.040177334441673596	0.026045996120809087	0.0022166805209199226	0.00914380714879468	0.02632308118592408	0.01690218897201441	0.0016625103906899418	0.008589637018564699	0.01828761429758936	0.015516763646439457	0.0008312551953449709	0.004156275976724855	0.0	0.019395954558049322	0.0	0.00914380714879468	0.026045996120809087	0.014408423385979495	0.0011083402604599613	0.008589637018564699	0.026045996120809087	0.004710446106954835	0.0019395954558049321	0.0019395954558049321	0.040177334441673596	0.038791909116098644	0.0016625103906899418	0.01690218897201441
0.022443890274314215	0.024106400665004156	0.0011083402604599613	0.011914657799944583	0.049598226655583263	0.03020227209753394	0.0038791909116098642	0.011914657799944583	0.0	0.01690218897201441	0.0	0.007481296758104738	0.04183984483236353	0.05569409808811305	0.0016625103906899418	0.024383485730119146	0.023829315599889166	0.019118869492934332	0.0019395954558049321	0.011914657799944583	0.02881684677195899	0.01634801884178443	0.0036021058464948737	0.011914657799944583	0.007481296758104738	0.006372956497644777	0.0013854253255749516	0.002770850651149903	0.07786090329731228	0.042116929897478526	0.006095871432529786	0.014131338320864505	0.022720975339429204	0.012468827930174564	0.0019395954558049321	0.0038791909116098642	0.040177334441673596	0.02632308118592408	0.0024937655860349127	0.008589637018564699	0.02632308118592408	0.017456359102244388	0.0016625103906899418	0.008035466888334718	0.01828761429758936	0.014685508451094486	0.0008312551953449709	0.004987531172069825	0.0	0.01967303962316431	0.0	0.00886672208367969	0.02632308118592408	0.014962593516209476	0.0008312551953449709	0.008035466888334718	0.025491825990579108	0.004710446106954835	0.0024937655860349127	0.0019395954558049321	0.03934607924632862	0.039623164311443616	0.0019395954558049321	0.016070933776669436
0.022720975339429204	0.024383485730119146	0.0008312551953449709	0.011637572734829594	0.049044056525353284	0.031033527292878914	0.004156275976724855	0.011360487669714602	0.0	0.01662510390689942	0.0	0.0077583818232197285	0.04183984483236353	0.05569409808811305	0.0016625103906899418	0.024383485730119146	0.024106400665004156	0.019118869492934332	0.0016625103906899418	0.011914657799944583	0.02881684677195899	0.01662510390689942	0.0033250207813798837	0.011914657799944583	0.008035466888334718	0.006927126627874758	0.0008312551953449709	0.0022166805209199226	0.07758381823219729	0.04239401496259352	0.005818786367414797	0.014131338320864505	0.022998060404544194	0.012468827930174564	0.0016625103906899418	0.0038791909116098642	0.040731504571903575	0.026045996120809087	0.0019395954558049321	0.00886672208367969	0.026045996120809087	0.01690218897201441	0.0019395954558049321	0.008589637018564699	0.01884178442781934	0.014685508451094486	0.0005541701302299807	0.004710446106954835	0.0	0.0199501246882793	0.0	0.008589637018564699	0.02632308118592408	0.014685508451094486	0.0011083402604599613	0.008035466888334718	0.025214740925464118	0.004710446106954835	0.002770850651149903	0.0019395954558049321	0.0399002493765586	0.040177334441673596	0.0016625103906899418	0.015516763646439457
0.022720975339429204	0.025214740925464118	0.0008312551953449709	0.010806317539484621	0.049044056525353284	0.030479357162648935	0.004433361041839845	0.011637572734829594	0.0	0.01662510390689942	0.0	0.0077583818232197285	0.041285674702133554	0.05624826821834303	0.0022166805209199226	0.023829315599889166	0.024106400665004156	0.01856469936270435	0.0016625103906899418	0.012468827930174564	0.028539761706844	0.01690218897201441	0.0036021058464948737	0.011637572734829594	0.008035466888334718	0.006927126627874758	0.0008312551953449709	0.0022166805209199226	0.07813798836242726	0.04045441950678858	0.004987531172069825	0.016070933776669436	0.022166805209199225	0.012191742865059573	0.0024937655860349127	0.004156275976724855	0.040177334441673596	0.025214740925464118	0.0024937655860349127	0.009697977279024661	0.025491825990579108	0.01773344416735938	0.0022166805209199226	0.008035466888334718	0.01856469936270435	0.014962593516209476	0.0011083402604599613	0.004156275976724855	0.0	0.02022720975339429	0.0	0.00831255195344971	0.02632308118592408	0.014408423385979495	0.0013854253255749516	0.008035466888334718	0.025214740925464118	0.004710446106954835	0.002770850651149903	0.0019395954558049321	0.0399002493765586	0.03906899418121363	0.0019395954558049321	0.01662510390689942
0.022720975339429204	0.025491825990579108	0.0008312551953449709	0.010529232474369632	0.04876697146023829	0.031033527292878914	0.004433361041839845	0.011360487669714602	0.0	0.01690218897201441	0.0	0.007481296758104738	0.04100858963701857	0.056802438348573014	0.0024937655860349127	0.023275145469659187	0.024106400665004156	0.019395954558049322	0.0016625103906899418	0.011637572734829594	0.02798559157661402	0.017456359102244388	0.0038791909116098642	0.011360487669714602	0.0077583818232197285	0.006927126627874758	0.0011083402604599613	0.0022166805209199226	0.07786090329731228	0.041285674702133554	0.005264616237184816	0.015516763646439457	0.021889720144084236	0.011914657799944583	0.002770850651149903	0.004433361041839845	0.040731504571903575	0.024106400665004156	0.0022166805209199226	0.010529232474369632	0.025491825990579108	0.01773344416735938	0.0022166805209199226	0.008035466888334718	0.01856469936270435	0.014685508451094486	0.0011083402604599613	0.004433361041839845	0.0	0.01967303962316431	0.0	0.00886672208367969	0.025768911055694097	0.013854253255749516	0.0019395954558049321	0.008589637018564699	0.026045996120809087	0.004433361041839845	0.0019395954558049321	0.0022166805209199226	0.0399002493765586	0.038791909116098644	0.0016625103906899418	0.01690218897201441
0.022166805209199225	0.025768911055694097	0.0013854253255749516	0.010252147409254642	0.049044056525353284	0.029371016902188973	0.004433361041839845	0.012745912995289554	0.0	0.01773344416735938	0.0	0.006650041562759767	0.04156275976724855	0.057079523413688	0.0019395954558049321	0.022998060404544194	0.023829315599889166	0.0199501246882793	0.0019395954558049321	0.011083402604599613	0.02826267664172901	0.01801052923247437	0.0036021058464948737	0.010806317539484621	0.008035466888334718	0.006927126627874758	0.0008312551953449709	0.0022166805209199226	0.07675256303685231	0.040177334441673596	0.005264616237184816	0.01690218897201441	0.021889720144084236	0.011637572734829594	0.002770850651149903	0.004710446106954835	0.03906899418121363	0.024660570795234135	0.0036021058464948737	0.010252147409254642	0.025491825990579108	0.01773344416735938	0.0022166805209199226	0.008035466888334718	0.01856469936270435	0.014685508451094486	0.0008312551953449709	0.004710446106954835	0.0	0.0199501246882793	0.0	0.008589637018564699	0.025768911055694097	0.013577168190634524	0.0019395954558049321	0.00886672208367969	0.026045996120809087	0.004433361041839845	0.0019395954558049321	0.0022166805209199226	0.04045441950678858	0.03906899418121363	0.0019395954558049321	0.01662510390689942
0.021889720144084236	0.025768911055694097	0.0016625103906899418	0.010252147409254642	0.04932114159046827	0.029371016902188973	0.0036021058464948737	0.013300083125519535	0.0	0.01801052923247437	0.0	0.006372956497644777	0.041285674702133554	0.05763369354391798	0.0022166805209199226	0.022443890274314215	0.023829315599889166	0.02022720975339429	0.0019395954558049321	0.010806317539484621	0.029093931837073983	0.01801052923247437	0.002770850651149903	0.010806317539484621	0.008035466888334718	0.006927126627874758	0.0008312551953449709	0.0022166805209199226	0.07564422277639235	0.0399002493765586	0.005264616237184816	0.017179274037129398	0.022166805209199225	0.011637572734829594	0.0024937655860349127	0.004710446106954835	0.03906899418121363	0.024660570795234135	0.0033250207813798837	0.010529232474369632	0.025214740925464118	0.01773344416735938	0.0024937655860349127	0.008035466888334718	0.01856469936270435	0.014962593516209476	0.0008312551953449709	0.004433361041839845	0.0	0.0199501246882793	0.0	0.008589637018564699	0.02632308118592408	0.013300083125519535	0.0016625103906899418	0.00886672208367969	0.025768911055694097	0.004433361041839845	0.0022166805209199226	0.0022166805209199226	0.040731504571903575	0.0399002493765586	0.002770850651149903	0.015793848711554447
0.021612635078969242	0.02493765586034913	0.0019395954558049321	0.011083402604599613	0.049598226655583263	0.02881684677195899	0.0033250207813798837	0.013854253255749516	0.0	0.01801052923247437	0.0	0.006372956497644777	0.04183984483236353	0.05763369354391798	0.0016625103906899418	0.022443890274314215	0.023829315599889166	0.020781379883624274	0.0019395954558049321	0.010252147409254642	0.029371016902188973	0.01801052923247437	0.0024937655860349127	0.010806317539484621	0.0077583818232197285	0.006372956497644777	0.0011083402604599613	0.002770850651149903	0.0742587974508174	0.039623164311443616	0.005541701302299806	0.01773344416735938	0.022443890274314215	0.012191742865059573	0.0022166805209199226	0.004156275976724855	0.03851482405098365	0.025491825990579108	0.0038791909116098642	0.009697977279024661	0.025768911055694097	0.01856469936270435	0.0019395954558049321	0.0072042116929897475	0.01856469936270435	0.014685508451094486	0.0011083402604599613	0.004433361041839845	0.0	0.02022720975339429	0.0	0.00831255195344971	0.02632308118592408	0.013577168190634524	0.0016625103906899418	0.008589637018564699	0.026045996120809087	0.004433361041839845	0.0019395954558049321	0.0022166805209199226	0.04183984483236353	0.040177334441673596	0.0024937655860349127	0.015516763646439457
0.021889720144084236	0.025214740925464118	0.0016625103906899418	0.010806317539484621	0.049598226655583263	0.02826267664172901	0.0033250207813798837	0.014408423385979495	0.0	0.017456359102244388	0.0	0.006927126627874758	0.04183984483236353	0.057356608478802994	0.0016625103906899418	0.022720975339429204	0.023829315599889166	0.021058464948739263	0.0019395954558049321	0.00997506234413965	0.029371016902188973	0.01856469936270435	0.002770850651149903	0.00997506234413965	0.008035466888334718	0.006927126627874758	0.0008312551953449709	0.0022166805209199226	0.07315045719035744	0.038791909116098644	0.005264616237184816	0.019118869492934332	0.022998060404544194	0.012191742865059573	0.0016625103906899418	0.004156275976724855	0.03768356885563868	0.02493765586034913	0.004987531172069825	0.00997506234413965	0.025491825990579108	0.01828761429758936	0.0022166805209199226	0.007481296758104738	0.01828761429758936	0.014131338320864505	0.0013854253255749516	0.004987531172069825	0.0	0.020504294818509284	0.0	0.008035466888334718	0.02660016625103907	0.013022998060404543	0.0013854253255749516	0.00914380714879468	0.02632308118592408	0.004433361041839845	0.0016625103906899418	0.0022166805209199226	0.042671100027708506	0.0399002493765586	0.0024937655860349127	0.015793848711554447
0.021889720144084236	0.025214740925464118	0.0016625103906899418	0.010806317539484621	0.05015239678581324	0.029093931837073983	0.002770850651149903	0.013577168190634524	0.0	0.017456359102244388	0.0	0.006927126627874758	0.04156275976724855	0.05791077860903297	0.0019395954558049321	0.022166805209199225	0.023552230534774177	0.021058464948739263	0.0022166805209199226	0.00997506234413965	0.029648101967303962	0.01856469936270435	0.002770850651149903	0.009697977279024661	0.007481296758104738	0.006650041562759767	0.0013854253255749516	0.0024937655860349127	0.07370462732058743	0.0399002493765586	0.006095871432529786	0.01773344416735938	0.022998060404544194	0.012191742865059573	0.0016625103906899418	0.004156275976724855	0.038237738985868665	0.025214740925464118	0.004433361041839845	0.009697977279024661	0.02493765586034913	0.01801052923247437	0.002770850651149903	0.0077583818232197285	0.01801052923247437	0.014408423385979495	0.0016625103906899418	0.004710446106954835	0.0	0.02022720975339429	0.0	0.00831255195344971	0.02632308118592408	0.013022998060404543	0.0016625103906899418	0.00914380714879468	0.02632308118592408	0.004433361041839845	0.0016625103906899418	0.0022166805209199226	0.04156275976724855	0.03906899418121363	0.0024937655860349127	0.01662510390689942
0.022166805209199225	0.024660570795234135	0.0013854253255749516	0.011360487669714602	0.049044056525353284	0.031033527292878914	0.003047935716264893	0.012468827930174564	0.0	0.01773344416735938	0.0	0.006650041562759767	0.04156275976724855	0.059296203934607924	0.0019395954558049321	0.020781379883624274	0.023829315599889166	0.021335550013854253	0.0019395954558049321	0.009697977279024661	0.029371016902188973	0.019118869492934332	0.003047935716264893	0.00914380714879468	0.007481296758104738	0.006372956497644777	0.0013854253255749516	0.002770850651149903	0.07453588251593239	0.03934607924632862	0.005541701302299806	0.01856469936270435	0.022998060404544194	0.011637572734829594	0.0016625103906899418	0.004710446106954835	0.038791909116098644	0.024383485730119146	0.004156275976724855	0.010252147409254642	0.025491825990579108	0.017456359102244388	0.0024937655860349127	0.008035466888334718	0.01828761429758936	0.014131338320864505	0.0016625103906899418	0.004710446106954835	0.0	0.01967303962316431	0.0	0.00886672208367969	0.025768911055694097	0.013300083125519535	0.0022166805209199226	0.00886672208367969	0.02687725131615406	0.004156275976724855	0.0011083402604599613	0.0024937655860349127	0.040731504571903575	0.03934607924632862	0.002770850651149903	0.01634801884178443
0.022443890274314215	0.023829315599889166	0.0011083402604599613	0.012191742865059573	0.049598226655583263	0.031033527292878914	0.0024937655860349127	0.012468827930174564	0.0	0.01773344416735938	0.0	0.006650041562759767	0.04156275976724855	0.05901911886949293	0.0019395954558049321	0.021058464948739263	0.023829315599889166	0.020781379883624274	0.0019395954558049321	0.010252147409254642	0.028539761706844	0.019118869492934332	0.004156275976724855	0.00886672208367969	0.0077583818232197285	0.006372956497644777	0.0013854253255749516	0.0024937655860349127	0.07481296758104738	0.0399002493765586	0.006095871432529786	0.01801052923247437	0.022998060404544194	0.010806317539484621	0.0016625103906899418	0.005541701302299806	0.03934607924632862	0.023829315599889166	0.0036021058464948737	0.010806317539484621	0.025491825990579108	0.01801052923247437	0.0024937655860349127	0.007481296758104738	0.01801052923247437	0.014685508451094486	0.0016625103906899418	0.004433361041839845	0.0	0.01967303962316431	0.0	0.00886672208367969	0.025768911055694097	0.013854253255749516	0.0024937655860349127	0.008035466888334718	0.026045996120809087	0.004433361041839845	0.0019395954558049321	0.0022166805209199226	0.04100858963701857	0.03934607924632862	0.0016625103906899418	0.01634801884178443
0.022720975339429204	0.024383485730119146	0.0008312551953449709	0.011637572734829594	0.049044056525353284	0.03020227209753394	0.002770850651149903	0.013577168190634524	0.0	0.01690218897201441	0.0	0.007481296758104738	0.04183984483236353	0.059850374064837904	0.0016625103906899418	0.02022720975339429	0.024106400665004156	0.020504294818509284	0.0016625103906899418	0.010529232474369632	0.02826267664172901	0.019395954558049322	0.004156275976724855	0.00886672208367969	0.008035466888334718	0.006372956497644777	0.0011083402604599613	0.0024937655860349127	0.0742587974508174	0.0399002493765586	0.006095871432529786	0.01856469936270435	0.023275145469659187	0.011083402604599613	0.0013854253255749516	0.005264616237184816	0.03934607924632862	0.023829315599889166	0.0036021058464948737	0.010806317539484621	0.026045996120809087	0.017456359102244388	0.0019395954558049321	0.008035466888334718	0.01856469936270435	0.014131338320864505	0.0011083402604599613	0.004987531172069825	0.0	0.0199501246882793	0.0	0.008589637018564699	0.02632308118592408	0.014131338320864505	0.0024937655860349127	0.0072042116929897475	0.026045996120809087	0.004433361041839845	0.0019395954558049321	0.0022166805209199226	0.041285674702133554	0.039623164311443616	0.0013854253255749516	0.016070933776669436
0.022720975339429204	0.024660570795234135	0.0008312551953449709	0.011360487669714602	0.04932114159046827	0.030479357162648935	0.002770850651149903	0.013022998060404543	0.0	0.01634801884178443	0.0	0.008035466888334718	0.04156275976724855	0.0601274591299529	0.0019395954558049321	0.0199501246882793	0.023275145469659187	0.021335550013854253	0.0024937655860349127	0.009697977279024661	0.02826267664172901	0.020504294818509284	0.0038791909116098642	0.008035466888334718	0.008035466888334718	0.006372956497644777	0.0011083402604599613	0.0024937655860349127	0.07231920199501247	0.04045441950678858	0.006927126627874758	0.01773344416735938	0.022998060404544194	0.011083402604599613	0.0016625103906899418	0.005264616237184816	0.03906899418121363	0.024383485730119146	0.0036021058464948737	0.010529232474369632	0.026045996120809087	0.01773344416735938	0.0019395954558049321	0.0077583818232197285	0.01773344416735938	0.014962593516209476	0.0013854253255749516	0.004710446106954835	0.0	0.020504294818509284	0.0	0.008035466888334718	0.02687725131615406	0.013854253255749516	0.0019395954558049321	0.007481296758104738	0.02632308118592408	0.004710446106954835	0.0016625103906899418	0.0019395954558049321	0.042116929897478526	0.040731504571903575	0.0019395954558049321	0.014962593516209476
0.022720975339429204	0.024660570795234135	0.0008312551953449709	0.011360487669714602	0.04987531172069826	0.031033527292878914	0.0019395954558049321	0.012745912995289554	0.0	0.016070933776669436	0.0	0.00831255195344971	0.041285674702133554	0.059850374064837904	0.0022166805209199226	0.02022720975339429	0.023552230534774177	0.022443890274314215	0.0022166805209199226	0.008589637018564699	0.028539761706844	0.01967303962316431	0.0038791909116098642	0.008589637018564699	0.00831255195344971	0.006372956497644777	0.0008312551953449709	0.0024937655860349127	0.07259628706012745	0.03934607924632862	0.005818786367414797	0.01884178442781934	0.023275145469659187	0.011083402604599613	0.0013854253255749516	0.005264616237184816	0.03906899418121363	0.024383485730119146	0.0036021058464948737	0.010529232474369632	0.02687725131615406	0.01662510390689942	0.0013854253255749516	0.008589637018564699	0.01773344416735938	0.014685508451094486	0.0013854253255749516	0.004987531172069825	0.0	0.021058464948739263	0.0	0.007481296758104738	0.02660016625103907	0.014131338320864505	0.0024937655860349127	0.006927126627874758	0.02660016625103907	0.004710446106954835	0.0013854253255749516	0.0019395954558049321	0.04183984483236353	0.03906899418121363	0.003047935716264893	0.01662510390689942
0.022443890274314215	0.024660570795234135	0.0011083402604599613	0.011360487669714602	0.049044056525353284	0.030756442227763924	0.002770850651149903	0.013022998060404543	0.0	0.015793848711554447	0.0	0.008589637018564699	0.04156275976724855	0.061235799390412855	0.0019395954558049321	0.01884178442781934	0.022720975339429204	0.022166805209199225	0.003047935716264893	0.00886672208367969	0.02881684677195899	0.019395954558049322	0.0036021058464948737	0.00886672208367969	0.008589637018564699	0.006372956497644777	0.0005541701302299807	0.0024937655860349127	0.07370462732058743	0.0399002493765586	0.006927126627874758	0.01828761429758936	0.023275145469659187	0.011914657799944583	0.0013854253255749516	0.004433361041839845	0.039623164311443616	0.023275145469659187	0.003047935716264893	0.011637572734829594	0.02687725131615406	0.016070933776669436	0.0013854253255749516	0.00914380714879468	0.01801052923247437	0.014962593516209476	0.0011083402604599613	0.004710446106954835	0.0	0.021058464948739263	0.0	0.007481296758104738	0.026045996120809087	0.014685508451094486	0.002770850651149903	0.006650041562759767	0.02687725131615406	0.004710446106954835	0.0011083402604599613	0.0019395954558049321	0.03851482405098365	0.039623164311443616	0.004156275976724855	0.016070933776669436
0.022998060404544194	0.023829315599889166	0.0005541701302299807	0.012191742865059573	0.049044056525353284	0.030756442227763924	0.002770850651149903	0.013022998060404543	0.0	0.016070933776669436	0.0	0.00831255195344971	0.040731504571903575	0.06095871432529787	0.002770850651149903	0.019118869492934332	0.022998060404544194	0.021889720144084236	0.002770850651149903	0.00914380714879468	0.02881684677195899	0.019118869492934332	0.0036021058464948737	0.00914380714879468	0.008035466888334718	0.006095871432529786	0.0011083402604599613	0.002770850651149903	0.0714879467996675	0.039623164311443616	0.008589637018564699	0.019118869492934332	0.023552230534774177	0.011360487669714602	0.0011083402604599613	0.004987531172069825	0.03934607924632862	0.023275145469659187	0.0033250207813798837	0.011637572734829594	0.02743142144638404	0.016070933776669436	0.0008312551953449709	0.00914380714879468	0.01828761429758936	0.014685508451094486	0.0008312551953449709	0.004987531172069825	0.0	0.021058464948739263	0.0	0.007481296758104738	0.026045996120809087	0.014962593516209476	0.002770850651149903	0.006372956497644777	0.02660016625103907	0.004710446106954835	0.0013854253255749516	0.0019395954558049321	0.038791909116098644	0.040177334441673596	0.0038791909116098642	0.015516763646439457
0.023275145469659187	0.024660570795234135	0.0002770850651149903	0.011360487669714602	0.049044056525353284	0.029925187032418952	0.0024937655860349127	0.014131338320864505	0.0	0.015516763646439457	0.0	0.00886672208367969	0.04045441950678858	0.06040454419506788	0.003047935716264893	0.01967303962316431	0.022998060404544194	0.021889720144084236	0.002770850651149903	0.00914380714879468	0.02881684677195899	0.019395954558049322	0.0036021058464948737	0.00886672208367969	0.00831255195344971	0.006650041562759767	0.0008312551953449709	0.0022166805209199226	0.07287337212524245	0.039623164311443616	0.0077583818232197285	0.019395954558049322	0.023829315599889166	0.011360487669714602	0.0008312551953449709	0.004987531172069825	0.03934607924632862	0.023829315599889166	0.0033250207813798837	0.011083402604599613	0.02770850651149903	0.01662510390689942	0.0005541701302299807	0.008589637018564699	0.01856469936270435	0.014408423385979495	0.0008312551953449709	0.004987531172069825	0.0	0.021335550013854253	0.0	0.0072042116929897475	0.02632308118592408	0.014685508451094486	0.002770850651149903	0.006372956497644777	0.02687725131615406	0.004433361041839845	0.0011083402604599613	0.0022166805209199226	0.03796065392075367	0.0399002493765586	0.0038791909116098642	0.015793848711554447
0.022720975339429204	0.023829315599889166	0.0008312551953449709	0.012191742865059573	0.049598226655583263	0.029371016902188973	0.0022166805209199226	0.014408423385979495	0.0	0.01634801884178443	0.0	0.008035466888334718	0.041285674702133554	0.060681629260182876	0.0022166805209199226	0.019395954558049322	0.023829315599889166	0.022166805209199225	0.0019395954558049321	0.00886672208367969	0.028539761706844	0.019118869492934332	0.0038791909116098642	0.00914380714879468	0.00831255195344971	0.0072042116929897475	0.0005541701302299807	0.0019395954558049321	0.07481296758104738	0.03851482405098365	0.006372956497644777	0.0199501246882793	0.023829315599889166	0.010806317539484621	0.0008312551953449709	0.005541701302299806	0.0399002493765586	0.022720975339429204	0.003047935716264893	0.011914657799944583	0.02715433638126905	0.017456359102244388	0.0008312551953449709	0.008035466888334718	0.01856469936270435	0.013854253255749516	0.0008312551953449709	0.005541701302299806	0.0	0.021612635078969242	0.0	0.006927126627874758	0.02660016625103907	0.015239678581324467	0.0024937655860349127	0.005818786367414797	0.02632308118592408	0.004987531172069825	0.0016625103906899418	0.0016625103906899418	0.038237738985868665	0.03934607924632862	0.0036021058464948737	0.01634801884178443
0.022720975339429204	0.023829315599889166	0.0008312551953449709	0.012191742865059573	0.04987531172069826	0.029648101967303962	0.0022166805209199226	0.013854253255749516	0.0	0.01662510390689942	0.0	0.0077583818232197285	0.04156275976724855	0.0601274591299529	0.0019395954558049321	0.0199501246882793	0.023552230534774177	0.021612635078969242	0.0022166805209199226	0.00942089221390967	0.02798559157661402	0.019395954558049322	0.004156275976724855	0.00914380714879468	0.008589637018564699	0.006927126627874758	0.0002770850651149903	0.0022166805209199226	0.07509005264616238	0.038237738985868665	0.006650041562759767	0.01967303962316431	0.023829315599889166	0.011360487669714602	0.0008312551953449709	0.004987531172069825	0.039623164311443616	0.022998060404544194	0.0036021058464948737	0.011360487669714602	0.02743142144638404	0.01773344416735938	0.0008312551953449709	0.007481296758104738	0.01828761429758936	0.013854253255749516	0.0008312551953449709	0.005818786367414797	0.0	0.021612635078969242	0.0	0.006927126627874758	0.02660016625103907	0.015516763646439457	0.0024937655860349127	0.005541701302299806	0.02632308118592408	0.004987531172069825	0.0016625103906899418	0.0016625103906899418	0.038237738985868665	0.03906899418121363	0.0036021058464948737	0.01662510390689942
0.022720975339429204	0.024106400665004156	0.0008312551953449709	0.011914657799944583	0.04876697146023829	0.03020227209753394	0.0033250207813798837	0.013300083125519535	0.0	0.01662510390689942	0.0	0.0077583818232197285	0.04156275976724855	0.05957328899972292	0.0019395954558049321	0.020504294818509284	0.023275145469659187	0.021058464948739263	0.0024937655860349127	0.00997506234413965	0.029371016902188973	0.019395954558049322	0.002770850651149903	0.00914380714879468	0.008589637018564699	0.006927126627874758	0.0002770850651149903	0.0022166805209199226	0.07536713771127736	0.038791909116098644	0.006927126627874758	0.019395954558049322	0.023552230534774177	0.011083402604599613	0.0011083402604599613	0.005264616237184816	0.039623164311443616	0.022443890274314215	0.0036021058464948737	0.011914657799944583	0.02770850651149903	0.017179274037129398	0.0008312551953449709	0.0077583818232197285	0.01828761429758936	0.014408423385979495	0.0008312551953449709	0.005264616237184816	0.0	0.021889720144084236	0.0	0.006650041562759767	0.02715433638126905	0.015239678581324467	0.0019395954558049321	0.005818786367414797	0.02632308118592408	0.004710446106954835	0.0016625103906899418	0.0019395954558049321	0.038237738985868665	0.038791909116098644	0.002770850651149903	0.01690218897201441
0.022998060404544194	0.024383485730119146	0.0005541701302299807	0.011637572734829594	0.04932114159046827	0.030756442227763924	0.003047935716264893	0.012468827930174564	0.0	0.01634801884178443	0.0	0.008035466888334718	0.041285674702133554	0.05791077860903297	0.0022166805209199226	0.022166805209199225	0.023552230534774177	0.021335550013854253	0.0022166805209199226	0.009697977279024661	0.029093931837073983	0.01828761429758936	0.003047935716264893	0.010252147409254642	0.008589637018564699	0.007481296758104738	0.0002770850651149903	0.0016625103906899418	0.07758381823219729	0.03796065392075367	0.006927126627874758	0.02022720975339429	0.023829315599889166	0.010529232474369632	0.0008312551953449709	0.005818786367414797	0.038237738985868665	0.021889720144084236	0.004987531172069825	0.012468827930174564	0.02770850651149903	0.01634801884178443	0.0008312551953449709	0.008589637018564699	0.01856469936270435	0.014408423385979495	0.0008312551953449709	0.004987531172069825	0.0	0.021335550013854253	0.0	0.0072042116929897475	0.02715433638126905	0.015239678581324467	0.0019395954558049321	0.005818786367414797	0.026045996120809087	0.004710446106954835	0.0019395954558049321	0.0019395954558049321	0.03602105846494874	0.03934607924632862	0.002770850651149903	0.01634801884178443
0.022998060404544194	0.025214740925464118	0.0005541701302299807	0.010806317539484621	0.049598226655583263	0.030479357162648935	0.003047935716264893	0.012468827930174564	0.0	0.01662510390689942	0.0	0.0077583818232197285	0.04100858963701857	0.058187863674147966	0.0024937655860349127	0.021889720144084236	0.023829315599889166	0.022720975339429204	0.0019395954558049321	0.00831255195344971	0.029093931837073983	0.019118869492934332	0.003047935716264893	0.00942089221390967	0.008589637018564699	0.0072042116929897475	0.0002770850651149903	0.0019395954558049321	0.07813798836242726	0.03740648379052369	0.0072042116929897475	0.020504294818509284	0.023829315599889166	0.010529232474369632	0.0008312551953449709	0.005818786367414797	0.038791909116098644	0.022166805209199225	0.004433361041839845	0.012191742865059573	0.02743142144638404	0.01634801884178443	0.0008312551953449709	0.00886672208367969	0.01801052923247437	0.014685508451094486	0.0013854253255749516	0.004710446106954835	0.0	0.020781379883624274	0.0	0.0077583818232197285	0.02715433638126905	0.015239678581324467	0.0019395954558049321	0.005818786367414797	0.02660016625103907	0.004710446106954835	0.0013854253255749516	0.0019395954558049321	0.034912718204488775	0.040177334441673596	0.0033250207813798837	0.015516763646439457
0.022720975339429204	0.02493765586034913	0.0008312551953449709	0.011083402604599613	0.04987531172069826	0.030479357162648935	0.003047935716264893	0.012191742865059573	0.0	0.01634801884178443	0.0	0.008035466888334718	0.041285674702133554	0.05791077860903297	0.0022166805209199226	0.022166805209199225	0.023829315599889166	0.022720975339429204	0.0019395954558049321	0.00831255195344971	0.029093931837073983	0.019118869492934332	0.0033250207813798837	0.00914380714879468	0.00831255195344971	0.007481296758104738	0.0002770850651149903	0.0019395954558049321	0.07786090329731228	0.03906899418121363	0.006927126627874758	0.019118869492934332	0.023829315599889166	0.011083402604599613	0.0008312551953449709	0.005264616237184816	0.03906899418121363	0.022443890274314215	0.004156275976724855	0.011914657799944583	0.02687725131615406	0.01634801884178443	0.0016625103906899418	0.008589637018564699	0.01773344416735938	0.014131338320864505	0.0013854253255749516	0.005541701302299806	0.0	0.020781379883624274	0.0	0.0077583818232197285	0.02743142144638404	0.014685508451094486	0.0019395954558049321	0.006095871432529786	0.02632308118592408	0.004987531172069825	0.0016625103906899418	0.0016625103906899418	0.03629814353006373	0.03906899418121363	0.0022166805209199226	0.01662510390689942
0.022720975339429204	0.024660570795234135	0.0008312551953449709	0.011360487669714602	0.04876697146023829	0.029648101967303962	0.0036021058464948737	0.013577168190634524	0.0	0.01662510390689942	0.0	0.0077583818232197285	0.04183984483236353	0.05791077860903297	0.0016625103906899418	0.022166805209199225	0.024106400665004156	0.022443890274314215	0.0016625103906899418	0.008589637018564699	0.029093931837073983	0.01856469936270435	0.0036021058464948737	0.00942089221390967	0.00831255195344971	0.006927126627874758	0.0002770850651149903	0.0024937655860349127	0.0773067331670823	0.039623164311443616	0.006095871432529786	0.019395954558049322	0.023552230534774177	0.011637572734829594	0.0011083402604599613	0.004710446106954835	0.038791909116098644	0.022720975339429204	0.004710446106954835	0.011360487669714602	0.02660016625103907	0.01634801884178443	0.0019395954558049321	0.008589637018564699	0.01801052923247437	0.013854253255749516	0.0011083402604599613	0.005818786367414797	0.0	0.020504294818509284	0.0	0.008035466888334718	0.02687725131615406	0.015239678581324467	0.0019395954558049321	0.006095871432529786	0.02632308118592408	0.004987531172069825	0.0016625103906899418	0.0016625103906899418	0.03657522859517872	0.0399002493765586	0.0024937655860349127	0.015793848711554447
0.022720975339429204	0.025214740925464118	0.0008312551953449709	0.010806317539484621	0.04821280133000831	0.029371016902188973	0.0038791909116098642	0.014131338320864505	0.0	0.01690218897201441	0.0	0.007481296758104738	0.04156275976724855	0.05763369354391798	0.0019395954558049321	0.022443890274314215	0.024660570795234135	0.022443890274314215	0.0011083402604599613	0.008589637018564699	0.029925187032418952	0.017456359102244388	0.0036021058464948737	0.009697977279024661	0.008035466888334718	0.006927126627874758	0.0005541701302299807	0.0024937655860349127	0.07786090329731228	0.039623164311443616	0.005264616237184816	0.02022720975339429	0.022720975339429204	0.011637572734829594	0.0019395954558049321	0.004710446106954835	0.03851482405098365	0.023552230534774177	0.004710446106954835	0.010806317539484621	0.02660016625103907	0.015239678581324467	0.0022166805209199226	0.00942089221390967	0.01856469936270435	0.013854253255749516	0.0011083402604599613	0.005264616237184816	0.0	0.020781379883624274	0.0	0.0077583818232197285	0.02660016625103907	0.015516763646439457	0.0019395954558049321	0.006095871432529786	0.026045996120809087	0.005264616237184816	0.0019395954558049321	0.0013854253255749516	0.03574397339983375	0.039623164311443616	0.002770850651149903	0.016070933776669436
0.022720975339429204	0.02493765586034913	0.0008312551953449709	0.011083402604599613	0.049044056525353284	0.028539761706844	0.0033250207813798837	0.014685508451094486	0.0	0.01662510390689942	0.0	0.0077583818232197285	0.041285674702133554	0.05846494873926295	0.0022166805209199226	0.021612635078969242	0.025491825990579108	0.022720975339429204	0.0002770850651149903	0.00831255195344971	0.029925187032418952	0.017179274037129398	0.0036021058464948737	0.00997506234413965	0.008035466888334718	0.006650041562759767	0.0005541701302299807	0.002770850651149903	0.07869215849265725	0.0399002493765586	0.005818786367414797	0.01967303962316431	0.023552230534774177	0.011637572734829594	0.0011083402604599613	0.004710446106954835	0.03906899418121363	0.023829315599889166	0.004156275976724855	0.010529232474369632	0.026045996120809087	0.015516763646439457	0.002770850651149903	0.00914380714879468	0.01828761429758936	0.013854253255749516	0.0013854253255749516	0.005264616237184816	0.0	0.01967303962316431	0.0	0.00886672208367969	0.02743142144638404	0.015239678581324467	0.0013854253255749516	0.006095871432529786	0.02660016625103907	0.005264616237184816	0.0013854253255749516	0.0013854253255749516	0.034912718204488775	0.03934607924632862	0.0024937655860349127	0.01634801884178443
0.022720975339429204	0.025214740925464118	0.0008312551953449709	0.010806317539484621	0.04821280133000831	0.02826267664172901	0.0033250207813798837	0.015793848711554447	0.0	0.017456359102244388	0.0	0.006927126627874758	0.040731504571903575	0.05763369354391798	0.002770850651149903	0.022443890274314215	0.02493765586034913	0.022720975339429204	0.0008312551953449709	0.00831255195344971	0.03020227209753394	0.01662510390689942	0.0036021058464948737	0.010252147409254642	0.0077583818232197285	0.006927126627874758	0.0005541701302299807	0.002770850651149903	0.07813798836242726	0.03906899418121363	0.006372956497644777	0.020504294818509284	0.023275145469659187	0.011083402604599613	0.0013854253255749516	0.005264616237184816	0.038791909116098644	0.023552230534774177	0.004156275976724855	0.011083402604599613	0.026045996120809087	0.015239678581324467	0.002770850651149903	0.00942089221390967	0.01828761429758936	0.014131338320864505	0.0013854253255749516	0.004987531172069825	0.0	0.0199501246882793	0.0	0.008589637018564699	0.02770850651149903	0.015239678581324467	0.0008312551953449709	0.006372956497644777	0.02687725131615406	0.004987531172069825	0.0011083402604599613	0.0016625103906899418	0.03518980326960377	0.03934607924632862	0.0022166805209199226	0.01634801884178443
0.022720975339429204	0.026045996120809087	0.0008312551953449709	0.00997506234413965	0.04793571626489332	0.02798559157661402	0.0033250207813798837	0.01634801884178443	0.0	0.017456359102244388	0.0	0.006927126627874758	0.04100858963701857	0.058187863674147966	0.0024937655860349127	0.021889720144084236	0.025214740925464118	0.022443890274314215	0.0005541701302299807	0.008589637018564699	0.029925187032418952	0.01773344416735938	0.004156275976724855	0.00886672208367969	0.0077583818232197285	0.006650041562759767	0.0005541701302299807	0.003047935716264893	0.0770296481019673	0.03906899418121363	0.006095871432529786	0.02022720975339429	0.022443890274314215	0.010806317539484621	0.0022166805209199226	0.005541701302299806	0.03934607924632862	0.023275145469659187	0.0036021058464948737	0.011360487669714602	0.026045996120809087	0.01634801884178443	0.0022166805209199226	0.00886672208367969	0.01828761429758936	0.013854253255749516	0.0013854253255749516	0.005264616237184816	0.0	0.02022720975339429	0.0	0.00831255195344971	0.02826267664172901	0.014962593516209476	0.0002770850651149903	0.006650041562759767	0.02687725131615406	0.004987531172069825	0.0011083402604599613	0.0016625103906899418	0.03685231366029371	0.040177334441673596	0.0022166805209199226	0.015516763646439457
0.022720975339429204	0.02660016625103907	0.0008312551953449709	0.00942089221390967	0.04876697146023829	0.02770850651149903	0.003047935716264893	0.016070933776669436	0.0	0.01690218897201441	0.0	0.007481296758104738	0.04045441950678858	0.05791077860903297	0.003047935716264893	0.022166805209199225	0.025214740925464118	0.022443890274314215	0.0005541701302299807	0.008589637018564699	0.03020227209753394	0.017179274037129398	0.0038791909116098642	0.00942089221390967	0.008035466888334718	0.006650041562759767	0.0002770850651149903	0.003047935716264893	0.07758381823219729	0.0399002493765586	0.004987531172069825	0.019118869492934332	0.023275145469659187	0.010806317539484621	0.0013854253255749516	0.005541701302299806	0.039623164311443616	0.022443890274314215	0.0038791909116098642	0.011637572734829594	0.026045996120809087	0.016070933776669436	0.0022166805209199226	0.00914380714879468	0.01801052923247437	0.013022998060404543	0.0016625103906899418	0.006095871432529786	0.0	0.02022720975339429	0.0	0.00831255195344971	0.02798559157661402	0.014408423385979495	0.0005541701302299807	0.0072042116929897475	0.02715433638126905	0.005264616237184816	0.0008312551953449709	0.0013854253255749516	0.03796065392075367	0.03934607924632862	0.0019395954558049321	0.01634801884178443
0.022998060404544194	0.026045996120809087	0.0005541701302299807	0.00997506234413965	0.048489886395123305	0.02743142144638404	0.0033250207813798837	0.01634801884178443	0.0	0.016070933776669436	0.0	0.00831255195344971	0.040177334441673596	0.05791077860903297	0.0033250207813798837	0.022166805209199225	0.025214740925464118	0.021889720144084236	0.0005541701302299807	0.00914380714879468	0.029371016902188973	0.01690218897201441	0.004156275976724855	0.010252147409254642	0.0077583818232197285	0.006650041562759767	0.0005541701302299807	0.003047935716264893	0.07896924355777224	0.03934607924632862	0.0038791909116098642	0.019395954558049322	0.022998060404544194	0.010529232474369632	0.0016625103906899418	0.005818786367414797	0.040177334441673596	0.022720975339429204	0.0033250207813798837	0.011360487669714602	0.02632308118592408	0.016070933776669436	0.0019395954558049321	0.00914380714879468	0.017456359102244388	0.012191742865059573	0.0022166805209199226	0.006927126627874758	0.0	0.0199501246882793	0.0	0.008589637018564699	0.02743142144638404	0.014685508451094486	0.0005541701302299807	0.007481296758104738	0.02715433638126905	0.004987531172069825	0.0008312551953449709	0.0016625103906899418	0.038791909116098644	0.040177334441673596	0.0011083402604599613	0.015516763646439457
0.022998060404544194	0.025491825990579108	0.0005541701302299807	0.010529232474369632	0.048489886395123305	0.02743142144638404	0.0038791909116098642	0.015793848711554447	0.0	0.016070933776669436	0.0	0.00831255195344971	0.040177334441673596	0.05791077860903297	0.0033250207813798837	0.022166805209199225	0.025491825990579108	0.021058464948739263	0.0002770850651149903	0.00997506234413965	0.029093931837073983	0.017456359102244388	0.004433361041839845	0.009697977279024661	0.0077583818232197285	0.006650041562759767	0.0005541701302299807	0.003047935716264893	0.07758381823219729	0.040177334441673596	0.004156275976724855	0.01828761429758936	0.022720975339429204	0.010529232474369632	0.0019395954558049321	0.005818786367414797	0.040177334441673596	0.022998060404544194	0.0033250207813798837	0.011083402604599613	0.02743142144638404	0.016070933776669436	0.0013854253255749516	0.008589637018564699	0.017456359102244388	0.012191742865059573	0.0019395954558049321	0.0072042116929897475	0.0	0.02022720975339429	0.0	0.00831255195344971	0.02687725131615406	0.014685508451094486	0.0011083402604599613	0.007481296758104738	0.02743142144638404	0.004987531172069825	0.0005541701302299807	0.0016625103906899418	0.03906899418121363	0.04100858963701857	0.0022166805209199226	0.014685508451094486
0.023275145469659187	0.025491825990579108	0.0002770850651149903	0.010529232474369632	0.04876697146023829	0.02826267664172901	0.0038791909116098642	0.014685508451094486	0.0	0.015793848711554447	0.0	0.008589637018564699	0.04045441950678858	0.05791077860903297	0.003047935716264893	0.022166805209199225	0.025491825990579108	0.021889720144084236	0.0002770850651149903	0.00914380714879468	0.02826267664172901	0.01801052923247437	0.004987531172069825	0.00942089221390967	0.0077583818232197285	0.006650041562759767	0.0005541701302299807	0.003047935716264893	0.07924632862288723	0.039623164311443616	0.004710446106954835	0.01884178442781934	0.023275145469659187	0.011083402604599613	0.0013854253255749516	0.005264616237184816	0.040177334441673596	0.023275145469659187	0.0036021058464948737	0.010529232474369632	0.02798559157661402	0.015793848711554447	0.0011083402604599613	0.008589637018564699	0.01773344416735938	0.012468827930174564	0.0019395954558049321	0.006650041562759767	0.0	0.02022720975339429	0.0	0.00831255195344971	0.02660016625103907	0.014685508451094486	0.0013854253255749516	0.007481296758104738	0.02687725131615406	0.004433361041839845	0.0011083402604599613	0.0022166805209199226	0.03685231366029371	0.04156275976724855	0.0022166805209199226	0.014131338320864505
0.023275145469659187	0.025491825990579108	0.0002770850651149903	0.010529232474369632	0.04932114159046827	0.028539761706844	0.0033250207813798837	0.014408423385979495	0.0	0.015239678581324467	0.0	0.00914380714879468	0.04100858963701857	0.058187863674147966	0.0024937655860349127	0.021889720144084236	0.025214740925464118	0.021889720144084236	0.0005541701302299807	0.00914380714879468	0.029093931837073983	0.017179274037129398	0.004156275976724855	0.010252147409254642	0.008035466888334718	0.006650041562759767	0.0002770850651149903	0.003047935716264893	0.07813798836242726	0.040177334441673596	0.004710446106954835	0.01884178442781934	0.023275145469659187	0.011083402604599613	0.0013854253255749516	0.005264616237184816	0.04100858963701857	0.023275145469659187	0.002770850651149903	0.010529232474369632	0.02798559157661402	0.015516763646439457	0.0011083402604599613	0.00886672208367969	0.01801052923247437	0.012745912995289554	0.0016625103906899418	0.006372956497644777	0.0	0.0199501246882793	0.0	0.008589637018564699	0.02687725131615406	0.014685508451094486	0.0011083402604599613	0.007481296758104738	0.025768911055694097	0.004433361041839845	0.0022166805209199226	0.0022166805209199226	0.03740648379052369	0.042116929897478526	0.0022166805209199226	0.013577168190634524
0.023275145469659187	0.025491825990579108	0.0002770850651149903	0.010529232474369632	0.049598226655583263	0.02770850651149903	0.003047935716264893	0.015239678581324467	0.0	0.016070933776669436	0.0	0.00831255195344971	0.041285674702133554	0.05791077860903297	0.0022166805209199226	0.022166805209199225	0.024660570795234135	0.022166805209199225	0.0011083402604599613	0.00886672208367969	0.03020227209753394	0.01690218897201441	0.0033250207813798837	0.010252147409254642	0.0077583818232197285	0.007481296758104738	0.0002770850651149903	0.0024937655860349127	0.07841507342754225	0.039623164311443616	0.004710446106954835	0.019395954558049322	0.022998060404544194	0.011083402604599613	0.0016625103906899418	0.005264616237184816	0.04156275976724855	0.024106400665004156	0.0024937655860349127	0.00942089221390967	0.02826267664172901	0.015793848711554447	0.0008312551953449709	0.008589637018564699	0.01773344416735938	0.013022998060404543	0.0019395954558049321	0.006095871432529786	0.0	0.0199501246882793	0.0	0.008589637018564699	0.02660016625103907	0.015239678581324467	0.0011083402604599613	0.0072042116929897475	0.025491825990579108	0.004987531172069825	0.0024937655860349127	0.0016625103906899418	0.03740648379052369	0.04156275976724855	0.0019395954558049321	0.014131338320864505
0.023275145469659187	0.024660570795234135	0.0002770850651149903	0.011360487669714602	0.04987531172069826	0.02687725131615406	0.002770850651149903	0.016070933776669436	0.0	0.017179274037129398	0.0	0.0072042116929897475	0.04183984483236353	0.05763369354391798	0.0016625103906899418	0.022443890274314215	0.024383485730119146	0.022720975339429204	0.0013854253255749516	0.00831255195344971	0.03020227209753394	0.01690218897201441	0.0033250207813798837	0.010252147409254642	0.0077583818232197285	0.007481296758104738	0.0002770850651149903	0.0024937655860349127	0.07675256303685231	0.039623164311443616	0.005541701302299806	0.019395954558049322	0.022998060404544194	0.011083402604599613	0.0016625103906899418	0.005264616237184816	0.04156275976724855	0.023829315599889166	0.002770850651149903	0.00942089221390967	0.02798559157661402	0.016070933776669436	0.0013854253255749516	0.008035466888334718	0.01828761429758936	0.013854253255749516	0.0016625103906899418	0.004987531172069825	0.0	0.019395954558049322	0.0	0.00914380714879468	0.02687725131615406	0.015793848711554447	0.0008312551953449709	0.006650041562759767	0.025768911055694097	0.004710446106954835	0.0022166805209199226	0.0019395954558049321	0.038237738985868665	0.04156275976724855	0.0019395954558049321	0.014131338320864505
0.023275145469659187	0.02493765586034913	0.0002770850651149903	0.011083402604599613	0.04932114159046827	0.02715433638126905	0.003047935716264893	0.016070933776669436	0.0	0.017179274037129398	0.0	0.0072042116929897475	0.04183984483236353	0.05763369354391798	0.0016625103906899418	0.022443890274314215	0.024660570795234135	0.022443890274314215	0.0011083402604599613	0.008589637018564699	0.029925187032418952	0.01662510390689942	0.0036021058464948737	0.010529232474369632	0.0072042116929897475	0.008035466888334718	0.0002770850651149903	0.0024937655860349127	0.07758381823219729	0.040731504571903575	0.004987531172069825	0.01801052923247437	0.022443890274314215	0.011637572734829594	0.0022166805209199226	0.004710446106954835	0.04239401496259352	0.024383485730119146	0.0019395954558049321	0.00886672208367969	0.02770850651149903	0.01634801884178443	0.0016625103906899418	0.0077583818232197285	0.019395954558049322	0.014131338320864505	0.0011083402604599613	0.004156275976724855	0.0	0.01967303962316431	0.0	0.00886672208367969	0.02743142144638404	0.015239678581324467	0.0008312551953449709	0.006650041562759767	0.025491825990579108	0.004710446106954835	0.0024937655860349127	0.0019395954558049321	0.03768356885563868	0.042116929897478526	0.0024937655860349127	0.013577168190634524
0.023275145469659187	0.02493765586034913	0.0002770850651149903	0.011083402604599613	0.04932114159046827	0.02798559157661402	0.002770850651149903	0.015516763646439457	0.0	0.017456359102244388	0.0	0.006927126627874758	0.04156275976724855	0.05791077860903297	0.0019395954558049321	0.022166805209199225	0.024383485730119146	0.022166805209199225	0.0013854253255749516	0.00886672208367969	0.03020227209753394	0.01690218897201441	0.002770850651149903	0.010806317539484621	0.0077583818232197285	0.00831255195344971	0.0	0.0019395954558049321	0.07869215849265725	0.04045441950678858	0.004987531172069825	0.01828761429758936	0.022720975339429204	0.011637572734829594	0.0019395954558049321	0.004710446106954835	0.042116929897478526	0.024383485730119146	0.0022166805209199226	0.00886672208367969	0.02743142144638404	0.01662510390689942	0.0016625103906899418	0.0077583818232197285	0.01884178442781934	0.014962593516209476	0.0013854253255749516	0.0036021058464948737	0.0	0.020504294818509284	0.0	0.008035466888334718	0.02798559157661402	0.014962593516209476	0.0005541701302299807	0.006650041562759767	0.025214740925464118	0.004433361041839845	0.002770850651149903	0.0022166805209199226	0.0371293987254087	0.04156275976724855	0.0019395954558049321	0.014131338320864505
0.023275145469659187	0.025214740925464118	0.0002770850651149903	0.010806317539484621	0.05015239678581324	0.02770850651149903	0.0019395954558049321	0.015793848711554447	0.0	0.017456359102244388	0.0	0.006927126627874758	0.04156275976724855	0.05957328899972292	0.0019395954558049321	0.020504294818509284	0.024383485730119146	0.022443890274314215	0.0013854253255749516	0.008589637018564699	0.029648101967303962	0.016070933776669436	0.0033250207813798837	0.011637572734829594	0.0077583818232197285	0.008035466888334718	0.0	0.0022166805209199226	0.07952341368800221	0.04045441950678858	0.0038791909116098642	0.01828761429758936	0.022720975339429204	0.011637572734829594	0.0019395954558049321	0.004710446106954835	0.042671100027708506	0.023829315599889166	0.0016625103906899418	0.00942089221390967	0.02715433638126905	0.016070933776669436	0.0016625103906899418	0.008589637018564699	0.01773344416735938	0.015793848711554447	0.0016625103906899418	0.0036021058464948737	0.0	0.020504294818509284	0.0	0.008035466888334718	0.02798559157661402	0.015793848711554447	0.0005541701302299807	0.005818786367414797	0.02493765586034913	0.004710446106954835	0.003047935716264893	0.0019395954558049321	0.03740648379052369	0.041285674702133554	0.0019395954558049321	0.014408423385979495
0.022998060404544194	0.024660570795234135	0.0005541701302299807	0.011360487669714602	0.049044056525353284	0.02660016625103907	0.003047935716264893	0.01690218897201441	0.0	0.017456359102244388	0.0	0.006927126627874758	0.04156275976724855	0.060681629260182876	0.0019395954558049321	0.019395954558049322	0.024383485730119146	0.022166805209199225	0.0013854253255749516	0.00886672208367969	0.02881684677195899	0.015239678581324467	0.004433361041839845	0.012191742865059573	0.0077583818232197285	0.008035466888334718	0.0	0.0022166805209199226	0.07758381823219729	0.04100858963701857	0.004156275976724855	0.01773344416735938	0.022998060404544194	0.011914657799944583	0.0016625103906899418	0.004433361041839845	0.04183984483236353	0.022998060404544194	0.0024937655860349127	0.010252147409254642	0.02743142144638404	0.01634801884178443	0.0016625103906899418	0.008035466888334718	0.01773344416735938	0.015516763646439457	0.0016625103906899418	0.0038791909116098642	0.0	0.020781379883624274	0.0	0.0077583818232197285	0.02770850651149903	0.015793848711554447	0.0008312551953449709	0.005818786367414797	0.025214740925464118	0.004433361041839845	0.002770850651149903	0.0022166805209199226	0.038791909116098644	0.04156275976724855	0.0022166805209199226	0.014131338320864505
0.022720975339429204	0.024383485730119146	0.0008312551953449709	0.011637572734829594	0.04987531172069826	0.02660016625103907	0.0024937655860349127	0.01662510390689942	0.0	0.01690218897201441	0.0	0.007481296758104738	0.041285674702133554	0.060681629260182876	0.0022166805209199226	0.019395954558049322	0.024660570795234135	0.021612635078969242	0.0011083402604599613	0.00942089221390967	0.029371016902188973	0.015239678581324467	0.004156275976724855	0.011914657799944583	0.0077583818232197285	0.008035466888334718	0.0	0.0022166805209199226	0.07675256303685231	0.04045441950678858	0.0038791909116098642	0.01884178442781934	0.023275145469659187	0.011637572734829594	0.0013854253255749516	0.004710446106954835	0.041285674702133554	0.022998060404544194	0.003047935716264893	0.010252147409254642	0.02743142144638404	0.01634801884178443	0.0013854253255749516	0.00831255195344971	0.017456359102244388	0.015516763646439457	0.0019395954558049321	0.0038791909116098642	0.0	0.020504294818509284	0.0	0.008035466888334718	0.02770850651149903	0.01634801884178443	0.0011083402604599613	0.004987531172069825	0.025491825990579108	0.004433361041839845	0.0024937655860349127	0.0022166805209199226	0.03934607924632862	0.042116929897478526	0.0022166805209199226	0.013577168190634524
0.022998060404544194	0.024383485730119146	0.0005541701302299807	0.011637572734829594	0.05015239678581324	0.02660016625103907	0.002770850651149903	0.016070933776669436	0.0	0.01662510390689942	0.0	0.0077583818232197285	0.040177334441673596	0.05957328899972292	0.0033250207813798837	0.020504294818509284	0.02493765586034913	0.021612635078969242	0.0008312551953449709	0.00942089221390967	0.029925187032418952	0.015239678581324467	0.0038791909116098642	0.011637572734829594	0.0077583818232197285	0.0077583818232197285	0.0	0.0024937655860349127	0.07564422277639235	0.040731504571903575	0.004156275976724855	0.019118869492934332	0.023829315599889166	0.011914657799944583	0.0008312551953449709	0.004433361041839845	0.041285674702133554	0.022998060404544194	0.003047935716264893	0.010252147409254642	0.02687725131615406	0.016070933776669436	0.0019395954558049321	0.008589637018564699	0.01773344416735938	0.014408423385979495	0.0019395954558049321	0.004710446106954835	0.0	0.020504294818509284	0.0	0.008035466888334718	0.02743142144638404	0.01662510390689942	0.0011083402604599613	0.004987531172069825	0.026045996120809087	0.004710446106954835	0.0019395954558049321	0.0019395954558049321	0.03934607924632862	0.04239401496259352	0.0024937655860349127	0.013300083125519535
0.022720975339429204	0.02493765586034913	0.0008312551953449709	0.011083402604599613	0.050429481850928236	0.02632308118592408	0.002770850651149903	0.016070933776669436	0.0	0.01690218897201441	0.0	0.007481296758104738	0.0399002493765586	0.05791077860903297	0.0036021058464948737	0.022166805209199225	0.025214740925464118	0.022166805209199225	0.0005541701302299807	0.00886672208367969	0.031033527292878914	0.014962593516209476	0.0024937655860349127	0.012191742865059573	0.007481296758104738	0.0077583818232197285	0.0002770850651149903	0.0024937655860349127	0.07453588251593239	0.03906899418121363	0.004433361041839845	0.020781379883624274	0.023552230534774177	0.011914657799944583	0.0011083402604599613	0.004433361041839845	0.04100858963701857	0.023275145469659187	0.0033250207813798837	0.00997506234413965	0.02715433638126905	0.01662510390689942	0.0016625103906899418	0.008035466888334718	0.01773344416735938	0.014685508451094486	0.0019395954558049321	0.004433361041839845	0.0	0.021335550013854253	0.0	0.0072042116929897475	0.02770850651149903	0.01662510390689942	0.0008312551953449709	0.004987531172069825	0.02660016625103907	0.004710446106954835	0.0013854253255749516	0.0019395954558049321	0.040177334441673596	0.04183984483236353	0.0024937655860349127	0.013854253255749516
0.022998060404544194	0.02493765586034913	0.0005541701302299807	0.011083402604599613	0.05126073704627321	0.02687725131615406	0.0019395954558049321	0.015516763646439457	0.0	0.01634801884178443	0.0	0.008035466888334718	0.0399002493765586	0.058187863674147966	0.0036021058464948737	0.021889720144084236	0.025491825990579108	0.022166805209199225	0.0002770850651149903	0.00886672208367969	0.03131061235799391	0.015239678581324467	0.0022166805209199226	0.011914657799944583	0.0072042116929897475	0.0077583818232197285	0.0008312551953449709	0.0022166805209199226	0.07758381823219729	0.03768356885563868	0.0033250207813798837	0.021612635078969242	0.023829315599889166	0.011914657799944583	0.0008312551953449709	0.004433361041839845	0.04183984483236353	0.022998060404544194	0.002770850651149903	0.00997506234413965	0.02743142144638404	0.01634801884178443	0.0016625103906899418	0.008035466888334718	0.01773344416735938	0.014962593516209476	0.0019395954558049321	0.004156275976724855	0.0	0.021058464948739263	0.0	0.007481296758104738	0.02743142144638404	0.016070933776669436	0.0011083402604599613	0.005541701302299806	0.02687725131615406	0.004710446106954835	0.0011083402604599613	0.0019395954558049321	0.038237738985868665	0.04156275976724855	0.003047935716264893	0.014131338320864505
0.021889720144084236	0.02493765586034913	0.0016625103906899418	0.011083402604599613	0.050429481850928236	0.02660016625103907	0.0024937655860349127	0.016070933776669436	0.0	0.01634801884178443	0.0	0.008035466888334718	0.03934607924632862	0.05652535328345802	0.004156275976724855	0.023552230534774177	0.025214740925464118	0.021335550013854253	0.0005541701302299807	0.009697977279024661	0.031033527292878914	0.014408423385979495	0.003047935716264893	0.012191742865059573	0.007481296758104738	0.008035466888334718	0.0005541701302299807	0.0019395954558049321	0.08063175394846218	0.03796065392075367	0.0036021058464948737	0.021058464948739263	0.023829315599889166	0.012191742865059573	0.0008312551953449709	0.004156275976724855	0.041285674702133554	0.023552230534774177	0.003047935716264893	0.009697977279024661	0.02743142144638404	0.016070933776669436	0.0016625103906899418	0.00831255195344971	0.017179274037129398	0.014408423385979495	0.0022166805209199226	0.004987531172069825	0.0	0.021612635078969242	0.0	0.006927126627874758	0.02743142144638404	0.01634801884178443	0.0013854253255749516	0.004987531172069825	0.02687725131615406	0.004710446106954835	0.0011083402604599613	0.0019395954558049321	0.03546688833471876	0.04156275976724855	0.002770850651149903	0.014131338320864505
0.022166805209199225	0.025214740925464118	0.0013854253255749516	0.010806317539484621	0.04932114159046827	0.02632308118592408	0.0033250207813798837	0.01662510390689942	0.0	0.016070933776669436	0.0	0.00831255195344971	0.039623164311443616	0.05541701302299806	0.0038791909116098642	0.024660570795234135	0.02493765586034913	0.021612635078969242	0.0008312551953449709	0.00942089221390967	0.03131061235799391	0.015239678581324467	0.002770850651149903	0.011360487669714602	0.0072042116929897475	0.008035466888334718	0.0008312551953449709	0.0019395954558049321	0.0828484344693821	0.03685231366029371	0.0033250207813798837	0.022166805209199225	0.023829315599889166	0.012191742865059573	0.0008312551953449709	0.004156275976724855	0.0429481850928235	0.023552230534774177	0.0013854253255749516	0.009697977279024661	0.02687725131615406	0.01634801884178443	0.0016625103906899418	0.008589637018564699	0.017179274037129398	0.014408423385979495	0.0022166805209199226	0.004987531172069825	0.0	0.021889720144084236	0.0	0.006650041562759767	0.02687725131615406	0.017179274037129398	0.0016625103906899418	0.004433361041839845	0.02660016625103907	0.004710446106954835	0.0013854253255749516	0.0019395954558049321	0.034358548074258796	0.041285674702133554	0.0019395954558049321	0.014408423385979495
0.021335550013854253	0.02493765586034913	0.0022166805209199226	0.011083402604599613	0.049044056525353284	0.02660016625103907	0.0036021058464948737	0.01634801884178443	0.0	0.015793848711554447	0.0	0.008589637018564699	0.0399002493765586	0.053477417567193125	0.0036021058464948737	0.02660016625103907	0.024383485730119146	0.021335550013854253	0.0013854253255749516	0.009697977279024661	0.03158769742310889	0.015239678581324467	0.0024937655860349127	0.011360487669714602	0.007481296758104738	0.008035466888334718	0.0005541701302299807	0.0019395954558049321	0.08146300914380715	0.0371293987254087	0.004710446106954835	0.021889720144084236	0.023552230534774177	0.012468827930174564	0.0011083402604599613	0.0038791909116098642	0.042671100027708506	0.022443890274314215	0.0016625103906899418	0.010806317539484621	0.02715433638126905	0.015793848711554447	0.0013854253255749516	0.00914380714879468	0.017179274037129398	0.013854253255749516	0.0022166805209199226	0.005541701302299806	0.0	0.021612635078969242	0.0	0.006927126627874758	0.02660016625103907	0.01690218897201441	0.0019395954558049321	0.004710446106954835	0.02660016625103907	0.004710446106954835	0.0013854253255749516	0.0019395954558049321	0.03408146300914381	0.04045441950678858	0.0022166805209199226	0.015239678581324467
0.020781379883624274	0.024383485730119146	0.002770850651149903	0.011637572734829594	0.049044056525353284	0.02632308118592408	0.004156275976724855	0.016070933776669436	0.0	0.016070933776669436	0.0	0.00831255195344971	0.04045441950678858	0.05403158769742311	0.003047935716264893	0.026045996120809087	0.024383485730119146	0.020781379883624274	0.0013854253255749516	0.010252147409254642	0.03158769742310889	0.015793848711554447	0.0024937655860349127	0.010806317539484621	0.00831255195344971	0.008035466888334718	0.0	0.0016625103906899418	0.08174009420892214	0.03851482405098365	0.004987531172069825	0.020781379883624274	0.024106400665004156	0.012468827930174564	0.0005541701302299807	0.0038791909116098642	0.042116929897478526	0.023552230534774177	0.0022166805209199226	0.009697977279024661	0.02660016625103907	0.014962593516209476	0.0019395954558049321	0.00997506234413965	0.01773344416735938	0.013854253255749516	0.0016625103906899418	0.005541701302299806	0.0	0.021889720144084236	0.0	0.006650041562759767	0.02743142144638404	0.016070933776669436	0.0013854253255749516	0.005264616237184816	0.02743142144638404	0.004433361041839845	0.0005541701302299807	0.0022166805209199226	0.033527292878913824	0.04100858963701857	0.0019395954558049321	0.014685508451094486
0.021058464948739263	0.024660570795234135	0.0024937655860349127	0.011360487669714602	0.049044056525353284	0.02687725131615406	0.0038791909116098642	0.015793848711554447	0.0	0.01634801884178443	0.0	0.008035466888334718	0.04100858963701857	0.05513992795788307	0.0024937655860349127	0.02493765586034913	0.024383485730119146	0.021335550013854253	0.0013854253255749516	0.009697977279024661	0.03214186755333887	0.016070933776669436	0.0022166805209199226	0.010252147409254642	0.00831255195344971	0.008035466888334718	0.0	0.0016625103906899418	0.08201717927403714	0.03796065392075367	0.006095871432529786	0.021335550013854253	0.024106400665004156	0.012191742865059573	0.0005541701302299807	0.004156275976724855	0.042671100027708506	0.023552230534774177	0.0013854253255749516	0.00997506234413965	0.02687725131615406	0.014131338320864505	0.0016625103906899418	0.010806317539484621	0.01801052923247437	0.012745912995289554	0.0016625103906899418	0.006372956497644777	0.0	0.021335550013854253	0.0	0.0072042116929897475	0.02798559157661402	0.015793848711554447	0.0011083402604599613	0.005264616237184816	0.02715433638126905	0.004710446106954835	0.0008312551953449709	0.0019395954558049321	0.03214186755333887	0.041285674702133554	0.0019395954558049321	0.014408423385979495
0.021058464948739263	0.024660570795234135	0.0024937655860349127	0.011360487669714602	0.04987531172069826	0.02660016625103907	0.0036021058464948737	0.015516763646439457	0.0	0.015793848711554447	0.0	0.008589637018564699	0.040731504571903575	0.05624826821834303	0.002770850651149903	0.023829315599889166	0.024106400665004156	0.021335550013854253	0.0016625103906899418	0.009697977279024661	0.032973122748683845	0.016070933776669436	0.0016625103906899418	0.00997506234413965	0.00831255195344971	0.00831255195344971	0.0	0.0013854253255749516	0.08395677472984206	0.038791909116098644	0.005264616237184816	0.021058464948739263	0.023829315599889166	0.011914657799944583	0.0008312551953449709	0.004433361041839845	0.04239401496259352	0.022998060404544194	0.0013854253255749516	0.010806317539484621	0.02687725131615406	0.014131338320864505	0.0013854253255749516	0.011083402604599613	0.01773344416735938	0.012468827930174564	0.0019395954558049321	0.006650041562759767	0.0	0.021612635078969242	0.0	0.006927126627874758	0.02687725131615406	0.016070933776669436	0.0019395954558049321	0.005264616237184816	0.02632308118592408	0.004987531172069825	0.0016625103906899418	0.0016625103906899418	0.030479357162648935	0.040731504571903575	0.0019395954558049321	0.014962593516209476
0.021058464948739263	0.025214740925464118	0.0024937655860349127	0.010806317539484621	0.04987531172069826	0.02660016625103907	0.0038791909116098642	0.015239678581324467	0.0	0.015516763646439457	0.0	0.00886672208367969	0.040731504571903575	0.05624826821834303	0.002770850651149903	0.023829315599889166	0.024106400665004156	0.021335550013854253	0.0016625103906899418	0.009697977279024661	0.032418952618453865	0.01634801884178443	0.0022166805209199226	0.009697977279024661	0.00831255195344971	0.008035466888334718	0.0	0.0016625103906899418	0.08229426433915212	0.038237738985868665	0.005541701302299806	0.022166805209199225	0.024383485730119146	0.011637572734829594	0.0002770850651149903	0.004710446106954835	0.042671100027708506	0.021889720144084236	0.0016625103906899418	0.011360487669714602	0.02632308118592408	0.013577168190634524	0.0022166805209199226	0.011360487669714602	0.01801052923247437	0.012745912995289554	0.0016625103906899418	0.006372956497644777	0.0	0.021612635078969242	0.0	0.006927126627874758	0.02687725131615406	0.01634801884178443	0.0019395954558049321	0.004987531172069825	0.025768911055694097	0.004710446106954835	0.0022166805209199226	0.0019395954558049321	0.031033527292878914	0.0399002493765586	0.0022166805209199226	0.015793848711554447
0.021612635078969242	0.02493765586034913	0.0019395954558049321	0.011083402604599613	0.05070656691604322	0.02687725131615406	0.003047935716264893	0.014962593516209476	0.0	0.015793848711554447	0.0	0.008589637018564699	0.041285674702133554	0.057079523413688	0.0022166805209199226	0.022998060404544194	0.024106400665004156	0.021335550013854253	0.0016625103906899418	0.009697977279024661	0.032418952618453865	0.01662510390689942	0.0024937655860349127	0.00914380714879468	0.008035466888334718	0.008035466888334718	0.0002770850651149903	0.0016625103906899418	0.08257134940426711	0.03796065392075367	0.006372956497644777	0.021335550013854253	0.024383485730119146	0.011914657799944583	0.0002770850651149903	0.004433361041839845	0.04350235522305348	0.022166805209199225	0.0011083402604599613	0.010806317539484621	0.02660016625103907	0.013854253255749516	0.0019395954558049321	0.011083402604599613	0.01773344416735938	0.012468827930174564	0.0019395954558049321	0.006650041562759767	0.0	0.020504294818509284	0.0	0.008035466888334718	0.02660016625103907	0.01662510390689942	0.0019395954558049321	0.004987531172069825	0.025768911055694097	0.004710446106954835	0.0022166805209199226	0.0019395954558049321	0.03131061235799391	0.040177334441673596	0.0019395954558049321	0.015516763646439457
0.021889720144084236	0.024383485730119146	0.0016625103906899418	0.011637572734829594	0.050983651981158215	0.02743142144638404	0.002770850651149903	0.014408423385979495	0.0	0.015793848711554447	0.0	0.008589637018564699	0.04100858963701857	0.056802438348573014	0.0024937655860349127	0.023275145469659187	0.023829315599889166	0.020504294818509284	0.0019395954558049321	0.010529232474369632	0.03158769742310889	0.01662510390689942	0.0033250207813798837	0.00914380714879468	0.008035466888334718	0.008035466888334718	0.0002770850651149903	0.0016625103906899418	0.0828484344693821	0.03796065392075367	0.005818786367414797	0.021335550013854253	0.024383485730119146	0.011637572734829594	0.0002770850651149903	0.004710446106954835	0.04377944028816847	0.021058464948739263	0.0011083402604599613	0.011637572734829594	0.02660016625103907	0.014131338320864505	0.0022166805209199226	0.010529232474369632	0.01801052923247437	0.012191742865059573	0.0016625103906899418	0.006927126627874758	0.0	0.0199501246882793	0.0	0.008589637018564699	0.02687725131615406	0.015793848711554447	0.0016625103906899418	0.005818786367414797	0.026045996120809087	0.004433361041839845	0.0019395954558049321	0.0022166805209199226	0.03158769742310889	0.04100858963701857	0.0019395954558049321	0.014685508451094486
0.021335550013854253	0.024660570795234135	0.0022166805209199226	0.011360487669714602	0.051537822111388194	0.02687725131615406	0.0022166805209199226	0.014962593516209476	0.0	0.015516763646439457	0.0	0.00886672208367969	0.041285674702133554	0.05652535328345802	0.0022166805209199226	0.023552230534774177	0.023275145469659187	0.02022720975339429	0.0024937655860349127	0.010806317539484621	0.031864782488223886	0.01634801884178443	0.003047935716264893	0.00942089221390967	0.008035466888334718	0.008035466888334718	0.0002770850651149903	0.0016625103906899418	0.0828484344693821	0.038791909116098644	0.006927126627874758	0.020781379883624274	0.024383485730119146	0.012191742865059573	0.0002770850651149903	0.004156275976724855	0.044610695483513436	0.020781379883624274	0.0008312551953449709	0.011360487669714602	0.02660016625103907	0.014685508451094486	0.0022166805209199226	0.00997506234413965	0.01801052923247437	0.012468827930174564	0.0013854253255749516	0.006927126627874758	0.0	0.020781379883624274	0.0	0.0077583818232197285	0.02660016625103907	0.015516763646439457	0.0019395954558049321	0.006095871432529786	0.026045996120809087	0.004156275976724855	0.0019395954558049321	0.0024937655860349127	0.030479357162648935	0.041285674702133554	0.0016625103906899418	0.014408423385979495
0.021335550013854253	0.024106400665004156	0.0022166805209199226	0.011914657799944583	0.05126073704627321	0.02743142144638404	0.002770850651149903	0.014131338320864505	0.0	0.015239678581324467	0.0	0.00914380714879468	0.041285674702133554	0.05624826821834303	0.0022166805209199226	0.023829315599889166	0.023275145469659187	0.02022720975339429	0.0024937655860349127	0.010806317539484621	0.03214186755333887	0.01662510390689942	0.002770850651149903	0.00914380714879468	0.008035466888334718	0.008035466888334718	0.0002770850651149903	0.0016625103906899418	0.08201717927403714	0.03851482405098365	0.005818786367414797	0.021058464948739263	0.024383485730119146	0.011914657799944583	0.0002770850651149903	0.004433361041839845	0.04433361041839845	0.021612635078969242	0.0008312551953449709	0.010806317539484621	0.02715433638126905	0.014131338320864505	0.0016625103906899418	0.010529232474369632	0.017456359102244388	0.012468827930174564	0.0016625103906899418	0.0072042116929897475	0.0	0.0199501246882793	0.0	0.008589637018564699	0.02687725131615406	0.01634801884178443	0.0019395954558049321	0.004987531172069825	0.025768911055694097	0.004156275976724855	0.0022166805209199226	0.0024937655860349127	0.03214186755333887	0.040177334441673596	0.0019395954558049321	0.015516763646439457
0.021612635078969242	0.024106400665004156	0.0019395954558049321	0.011914657799944583	0.050983651981158215	0.02715433638126905	0.0024937655860349127	0.014962593516209476	0.0	0.014962593516209476	0.0	0.00942089221390967	0.041285674702133554	0.05624826821834303	0.0022166805209199226	0.023829315599889166	0.023275145469659187	0.02022720975339429	0.0024937655860349127	0.010806317539484621	0.03214186755333887	0.01662510390689942	0.0024937655860349127	0.00942089221390967	0.008035466888334718	0.007481296758104738	0.0002770850651149903	0.0022166805209199226	0.08146300914380715	0.03906899418121363	0.006650041562759767	0.0199501246882793	0.024106400665004156	0.011360487669714602	0.0005541701302299807	0.004987531172069825	0.04405652535328346	0.022166805209199225	0.0008312551953449709	0.010529232474369632	0.02715433638126905	0.014131338320864505	0.0016625103906899418	0.010529232474369632	0.01828761429758936	0.012468827930174564	0.0013854253255749516	0.006650041562759767	0.0	0.0199501246882793	0.0	0.008589637018564699	0.02660016625103907	0.01662510390689942	0.0019395954558049321	0.004987531172069825	0.025491825990579108	0.004156275976724855	0.0024937655860349127	0.0024937655860349127	0.03214186755333887	0.039623164311443616	0.0022166805209199226	0.016070933776669436
0.021889720144084236	0.024106400665004156	0.0016625103906899418	0.011914657799944583	0.050983651981158215	0.02660016625103907	0.0024937655860349127	0.015516763646439457	0.0	0.014685508451094486	0.0	0.009697977279024661	0.041285674702133554	0.056802438348573014	0.0022166805209199226	0.023275145469659187	0.022998060404544194	0.02022720975339429	0.002770850651149903	0.010806317539484621	0.03158769742310889	0.01662510390689942	0.003047935716264893	0.00942089221390967	0.008035466888334718	0.007481296758104738	0.0002770850651149903	0.0022166805209199226	0.08118592407869216	0.03796065392075367	0.006372956497644777	0.020781379883624274	0.024106400665004156	0.011360487669714602	0.0005541701302299807	0.004987531172069825	0.04377944028816847	0.021889720144084236	0.0011083402604599613	0.010806317539484621	0.02770850651149903	0.014685508451094486	0.0013854253255749516	0.009697977279024661	0.01856469936270435	0.012745912995289554	0.0011083402604599613	0.006372956497644777	0.0	0.020504294818509284	0.0	0.008035466888334718	0.02632308118592408	0.015239678581324467	0.0019395954558049321	0.006650041562759767	0.025491825990579108	0.004433361041839845	0.0024937655860349127	0.0022166805209199226	0.03214186755333887	0.0399002493765586	0.003047935716264893	0.015793848711554447
0.021889720144084236	0.024383485730119146	0.0016625103906899418	0.011637572734829594	0.051537822111388194	0.02715433638126905	0.0019395954558049321	0.014962593516209476	0.0	0.014962593516209476	0.0	0.00942089221390967	0.041285674702133554	0.05597118315322804	0.0022166805209199226	0.024106400665004156	0.023552230534774177	0.020781379883624274	0.0022166805209199226	0.010252147409254642	0.03158769742310889	0.01690218897201441	0.002770850651149903	0.00942089221390967	0.008035466888334718	0.007481296758104738	0.0002770850651149903	0.0022166805209199226	0.08257134940426711	0.039623164311443616	0.005264616237184816	0.019118869492934332	0.023552230534774177	0.011360487669714602	0.0011083402604599613	0.004987531172069825	0.04350235522305348	0.021058464948739263	0.0016625103906899418	0.011360487669714602	0.02770850651149903	0.014685508451094486	0.0008312551953449709	0.010252147409254642	0.01828761429758936	0.012468827930174564	0.0013854253255749516	0.006650041562759767	0.0	0.021335550013854253	0.0	0.0072042116929897475	0.02660016625103907	0.014408423385979495	0.0019395954558049321	0.0072042116929897475	0.025491825990579108	0.004433361041839845	0.0024937655860349127	0.0022166805209199226	0.03158769742310889	0.03934607924632862	0.0033250207813798837	0.01634801884178443
0.022166805209199225	0.024106400665004156	0.0013854253255749516	0.011914657799944583	0.05126073704627321	0.02715433638126905	0.0022166805209199226	0.014962593516209476	0.0	0.014962593516209476	0.0	0.00942089221390967	0.041285674702133554	0.05541701302299806	0.0022166805209199226	0.024660570795234135	0.023829315599889166	0.021335550013854253	0.0019395954558049321	0.009697977279024661	0.03131061235799391	0.017456359102244388	0.003047935716264893	0.00886672208367969	0.0077583818232197285	0.0072042116929897475	0.0005541701302299807	0.0024937655860349127	0.08201717927403714	0.03906899418121363	0.005541701302299806	0.0199501246882793	0.023552230534774177	0.011360487669714602	0.0011083402604599613	0.004987531172069825	0.043225270157938485	0.0199501246882793	0.0019395954558049321	0.012468827930174564	0.02660016625103907	0.015239678581324467	0.0022166805209199226	0.00942089221390967	0.01884178442781934	0.011914657799944583	0.0013854253255749516	0.006650041562759767	0.0	0.021058464948739263	0.0	0.007481296758104738	0.02632308118592408	0.014131338320864505	0.0022166805209199226	0.007481296758104738	0.025768911055694097	0.004710446106954835	0.0022166805209199226	0.0019395954558049321	0.03158769742310889	0.03906899418121363	0.0033250207813798837	0.01662510390689942
0.021889720144084236	0.023829315599889166	0.0016625103906899418	0.012191742865059573	0.051537822111388194	0.026045996120809087	0.0024937655860349127	0.015516763646439457	0.0	0.015239678581324467	0.0	0.00914380714879468	0.04156275976724855	0.05541701302299806	0.0019395954558049321	0.024660570795234135	0.024383485730119146	0.021058464948739263	0.0013854253255749516	0.00997506234413965	0.03214186755333887	0.017456359102244388	0.0022166805209199226	0.00886672208367969	0.0077583818232197285	0.0072042116929897475	0.0005541701302299807	0.0024937655860349127	0.0798004987531172	0.038791909116098644	0.006650041562759767	0.020504294818509284	0.023275145469659187	0.011083402604599613	0.0013854253255749516	0.005264616237184816	0.042116929897478526	0.02022720975339429	0.003047935716264893	0.012191742865059573	0.02687725131615406	0.015239678581324467	0.0022166805209199226	0.00914380714879468	0.019118869492934332	0.012468827930174564	0.0011083402604599613	0.006095871432529786	0.0	0.020504294818509284	0.0	0.008035466888334718	0.02715433638126905	0.014685508451094486	0.0013854253255749516	0.006927126627874758	0.025491825990579108	0.004710446106954835	0.0024937655860349127	0.0019395954558049321	0.032973122748683845	0.03934607924632862	0.002770850651149903	0.01634801884178443
0.021889720144084236	0.02493765586034913	0.0016625103906899418	0.011083402604599613	0.052091992241618174	0.026045996120809087	0.0022166805209199226	0.015239678581324467	0.0	0.015239678581324467	0.0	0.00914380714879468	0.04156275976724855	0.05541701302299806	0.0019395954558049321	0.024660570795234135	0.024660570795234135	0.021889720144084236	0.0011083402604599613	0.00914380714879468	0.032418952618453865	0.017456359102244388	0.0019395954558049321	0.00886672208367969	0.0077583818232197285	0.007481296758104738	0.0005541701302299807	0.0022166805209199226	0.07896924355777224	0.03934607924632862	0.0077583818232197285	0.01967303962316431	0.022720975339429204	0.011083402604599613	0.0019395954558049321	0.005264616237184816	0.041285674702133554	0.01967303962316431	0.0038791909116098642	0.012745912995289554	0.02770850651149903	0.014962593516209476	0.0019395954558049321	0.00886672208367969	0.019395954558049322	0.012191742865059573	0.0008312551953449709	0.006372956497644777	0.0	0.020781379883624274	0.0	0.0077583818232197285	0.02743142144638404	0.015239678581324467	0.0013854253255749516	0.006095871432529786	0.02632308118592408	0.004987531172069825	0.0016625103906899418	0.0016625103906899418	0.03214186755333887	0.039623164311443616	0.0036021058464948737	0.016070933776669436
0.021612635078969242	0.024660570795234135	0.0019395954558049321	0.011360487669714602	0.05070656691604322	0.02660016625103907	0.0036021058464948737	0.014685508451094486	0.0	0.014962593516209476	0.0	0.00942089221390967	0.04156275976724855	0.05486284289276808	0.0019395954558049321	0.025214740925464118	0.024383485730119146	0.022720975339429204	0.0013854253255749516	0.00831255195344971	0.032973122748683845	0.01773344416735938	0.0016625103906899418	0.00831255195344971	0.008035466888334718	0.0077583818232197285	0.0002770850651149903	0.0019395954558049321	0.07924632862288723	0.03796065392075367	0.006372956497644777	0.021058464948739263	0.022720975339429204	0.010529232474369632	0.0019395954558049321	0.005818786367414797	0.042116929897478526	0.02022720975339429	0.0033250207813798837	0.011914657799944583	0.02743142144638404	0.015793848711554447	0.0022166805209199226	0.008035466888334718	0.0199501246882793	0.011914657799944583	0.0005541701302299807	0.006372956497644777	0.0	0.0199501246882793	0.0	0.008589637018564699	0.02770850651149903	0.014962593516209476	0.0011083402604599613	0.006372956497644777	0.025491825990579108	0.004987531172069825	0.0024937655860349127	0.0016625103906899418	0.03325020781379884	0.0399002493765586	0.0036021058464948737	0.015793848711554447
0.021889720144084236	0.024660570795234135	0.0016625103906899418	0.011360487669714602	0.05070656691604322	0.02715433638126905	0.0036021058464948737	0.014131338320864505	0.0	0.015793848711554447	0.0	0.008589637018564699	0.04239401496259352	0.05513992795788307	0.0011083402604599613	0.02493765586034913	0.024660570795234135	0.022443890274314215	0.0011083402604599613	0.008589637018564699	0.03325020781379884	0.017179274037129398	0.0013854253255749516	0.00886672208367969	0.008035466888334718	0.008035466888334718	0.0002770850651149903	0.0016625103906899418	0.07896924355777224	0.03796065392075367	0.006095871432529786	0.021335550013854253	0.022998060404544194	0.010529232474369632	0.0016625103906899418	0.005818786367414797	0.043225270157938485	0.020504294818509284	0.0022166805209199226	0.011637572734829594	0.02743142144638404	0.016070933776669436	0.0024937655860349127	0.007481296758104738	0.01967303962316431	0.011637572734829594	0.0005541701302299807	0.006927126627874758	0.0	0.0199501246882793	0.0	0.008589637018564699	0.02743142144638404	0.014962593516209476	0.0019395954558049321	0.005818786367414797	0.025491825990579108	0.004710446106954835	0.0024937655860349127	0.0019395954558049321	0.03380437794402882	0.039623164311443616	0.0033250207813798837	0.016070933776669436
0.021889720144084236	0.024383485730119146	0.0016625103906899418	0.011637572734829594	0.05181490717650319	0.02743142144638404	0.0022166805209199226	0.014131338320864505	0.0	0.015793848711554447	0.0	0.008589637018564699	0.04239401496259352	0.05652535328345802	0.0011083402604599613	0.023552230534774177	0.024383485730119146	0.021889720144084236	0.0013854253255749516	0.00914380714879468	0.03325020781379884	0.01690218897201441	0.0016625103906899418	0.00886672208367969	0.0077583818232197285	0.008035466888334718	0.0005541701302299807	0.0016625103906899418	0.07869215849265725	0.03740648379052369	0.006095871432529786	0.021335550013854253	0.022998060404544194	0.00997506234413965	0.0016625103906899418	0.006372956497644777	0.04377944028816847	0.020504294818509284	0.0022166805209199226	0.011083402604599613	0.02660016625103907	0.015239678581324467	0.0033250207813798837	0.00831255195344971	0.01967303962316431	0.011637572734829594	0.0005541701302299807	0.006927126627874758	0.0	0.0199501246882793	0.0	0.008589637018564699	0.02798559157661402	0.015239678581324467	0.0016625103906899418	0.005264616237184816	0.025214740925464118	0.004710446106954835	0.002770850651149903	0.0019395954558049321	0.03463563313937379	0.038791909116098644	0.0033250207813798837	0.01690218897201441
0.021889720144084236	0.024383485730119146	0.0016625103906899418	0.011637572734829594	0.05236907730673317	0.02715433638126905	0.0016625103906899418	0.014408423385979495	0.0	0.015516763646439457	0.0	0.00886672208367969	0.042671100027708506	0.056802438348573014	0.0008312551953449709	0.023275145469659187	0.024106400665004156	0.022720975339429204	0.0016625103906899418	0.00831255195344971	0.03325020781379884	0.017456359102244388	0.0016625103906899418	0.00831255195344971	0.008035466888334718	0.008035466888334718	0.0002770850651149903	0.0016625103906899418	0.0800775838182322	0.03740648379052369	0.006095871432529786	0.021335550013854253	0.022166805209199225	0.009697977279024661	0.0024937655860349127	0.006650041562759767	0.04350235522305348	0.020781379883624274	0.003047935716264893	0.010252147409254642	0.02715433638126905	0.015239678581324467	0.002770850651149903	0.00831255195344971	0.019395954558049322	0.011914657799944583	0.0008312551953449709	0.006650041562759767	0.0	0.020504294818509284	0.0	0.008035466888334718	0.02826267664172901	0.015239678581324467	0.0013854253255749516	0.005264616237184816	0.025214740925464118	0.004710446106954835	0.002770850651149903	0.0019395954558049321	0.03269603768356886	0.03934607924632862	0.0038791909116098642	0.01634801884178443
0.021335550013854253	0.024383485730119146	0.0022166805209199226	0.011637572734829594	0.05181490717650319	0.02743142144638404	0.0016625103906899418	0.014685508451094486	0.0	0.015516763646439457	0.0	0.00886672208367969	0.04239401496259352	0.05597118315322804	0.0011083402604599613	0.024106400665004156	0.023829315599889166	0.022443890274314215	0.0019395954558049321	0.008589637018564699	0.033527292878913824	0.01773344416735938	0.0013854253255749516	0.008035466888334718	0.008035466888334718	0.0077583818232197285	0.0002770850651149903	0.0019395954558049321	0.0800775838182322	0.03685231366029371	0.005818786367414797	0.021889720144084236	0.022443890274314215	0.010252147409254642	0.0022166805209199226	0.006095871432529786	0.04405652535328346	0.020504294818509284	0.0024937655860349127	0.010529232474369632	0.02715433638126905	0.015516763646439457	0.002770850651149903	0.008035466888334718	0.01967303962316431	0.012191742865059573	0.0008312551953449709	0.006095871432529786	0.0	0.020504294818509284	0.0	0.008035466888334718	0.02770850651149903	0.014962593516209476	0.0019395954558049321	0.005541701302299806	0.025491825990579108	0.004710446106954835	0.0024937655860349127	0.0019395954558049321	0.03269603768356886	0.039623164311443616	0.004156275976724855	0.016070933776669436
0.021335550013854253	0.023552230534774177	0.0022166805209199226	0.012468827930174564	0.052091992241618174	0.02632308118592408	0.0016625103906899418	0.015516763646439457	0.0	0.014962593516209476	0.0	0.00942089221390967	0.04156275976724855	0.056802438348573014	0.0019395954558049321	0.023275145469659187	0.023829315599889166	0.022443890274314215	0.0019395954558049321	0.008589637018564699	0.03380437794402882	0.01773344416735938	0.0011083402604599613	0.008035466888334718	0.007481296758104738	0.007481296758104738	0.0008312551953449709	0.0022166805209199226	0.08035466888334719	0.03685231366029371	0.005541701302299806	0.021889720144084236	0.022998060404544194	0.009697977279024661	0.0016625103906899418	0.006650041562759767	0.04488778054862843	0.020504294818509284	0.0019395954558049321	0.010252147409254642	0.02798559157661402	0.01634801884178443	0.0022166805209199226	0.006927126627874758	0.019118869492934332	0.011637572734829594	0.0013854253255749516	0.006650041562759767	0.0	0.02022720975339429	0.0	0.00831255195344971	0.02743142144638404	0.014685508451094486	0.0022166805209199226	0.005818786367414797	0.02493765586034913	0.004433361041839845	0.003047935716264893	0.0022166805209199226	0.032973122748683845	0.03934607924632862	0.0038791909116098642	0.01634801884178443
0.021889720144084236	0.024383485730119146	0.0016625103906899418	0.011637572734829594	0.05181490717650319	0.026045996120809087	0.0019395954558049321	0.015793848711554447	0.0	0.015516763646439457	0.0	0.00886672208367969	0.04156275976724855	0.057079523413688	0.0019395954558049321	0.022998060404544194	0.024660570795234135	0.022443890274314215	0.0011083402604599613	0.008589637018564699	0.03380437794402882	0.017456359102244388	0.0011083402604599613	0.00831255195344971	0.007481296758104738	0.007481296758104738	0.0008312551953449709	0.0022166805209199226	0.08063175394846218	0.03740648379052369	0.004710446106954835	0.021335550013854253	0.022720975339429204	0.00997506234413965	0.0019395954558049321	0.006372956497644777	0.044610695483513436	0.021058464948739263	0.0019395954558049321	0.00997506234413965	0.02826267664172901	0.015516763646439457	0.0019395954558049321	0.0077583818232197285	0.019395954558049322	0.011360487669714602	0.0008312551953449709	0.0072042116929897475	0.0	0.0199501246882793	0.0	0.008589637018564699	0.02798559157661402	0.014685508451094486	0.0013854253255749516	0.006095871432529786	0.025491825990579108	0.004156275976724855	0.0024937655860349127	0.0024937655860349127	0.03408146300914381	0.03934607924632862	0.0033250207813798837	0.01634801884178443
0.021889720144084236	0.024383485730119146	0.0016625103906899418	0.011637572734829594	0.052091992241618174	0.02715433638126905	0.0016625103906899418	0.014685508451094486	0.0	0.015239678581324467	0.0	0.00914380714879468	0.041285674702133554	0.05597118315322804	0.0022166805209199226	0.024106400665004156	0.024383485730119146	0.022720975339429204	0.0013854253255749516	0.00831255195344971	0.034358548074258796	0.017179274037129398	0.0011083402604599613	0.008035466888334718	0.007481296758104738	0.007481296758104738	0.0008312551953449709	0.0022166805209199226	0.08063175394846218	0.03768356885563868	0.005541701302299806	0.021335550013854253	0.023275145469659187	0.010252147409254642	0.0013854253255749516	0.006095871432529786	0.04405652535328346	0.021335550013854253	0.0024937655860349127	0.009697977279024661	0.028539761706844	0.015793848711554447	0.0016625103906899418	0.007481296758104738	0.019118869492934332	0.011637572734829594	0.0011083402604599613	0.006927126627874758	0.0	0.02022720975339429	0.0	0.00831255195344971	0.02770850651149903	0.014408423385979495	0.0013854253255749516	0.006650041562759767	0.025491825990579108	0.004156275976724855	0.0024937655860349127	0.0024937655860349127	0.033527292878913824	0.038791909116098644	0.002770850651149903	0.01690218897201441
0.021612635078969242	0.02493765586034913	0.0019395954558049321	0.011083402604599613	0.05126073704627321	0.02687725131615406	0.0024937655860349127	0.014962593516209476	0.0	0.014962593516209476	0.0	0.00942089221390967	0.04156275976724855	0.056802438348573014	0.0019395954558049321	0.023275145469659187	0.024660570795234135	0.022443890274314215	0.0011083402604599613	0.008589637018564699	0.034358548074258796	0.017179274037129398	0.0011083402604599613	0.008035466888334718	0.007481296758104738	0.007481296758104738	0.0008312551953449709	0.0022166805209199226	0.0800775838182322	0.03796065392075367	0.006650041562759767	0.020781379883624274	0.023275145469659187	0.010806317539484621	0.0013854253255749516	0.005541701302299806	0.04405652535328346	0.021335550013854253	0.0022166805209199226	0.00997506234413965	0.02881684677195899	0.015516763646439457	0.0013854253255749516	0.0077583818232197285	0.019118869492934332	0.011360487669714602	0.0013854253255749516	0.006927126627874758	0.0	0.0199501246882793	0.0	0.008589637018564699	0.02770850651149903	0.013854253255749516	0.0016625103906899418	0.006927126627874758	0.025491825990579108	0.0038791909116098642	0.0024937655860349127	0.002770850651149903	0.03325020781379884	0.03906899418121363	0.002770850651149903	0.01662510390689942
0.021612635078969242	0.02493765586034913	0.0019395954558049321	0.011083402604599613	0.05126073704627321	0.02687725131615406	0.0024937655860349127	0.014962593516209476	0.0	0.015793848711554447	0.0	0.008589637018564699	0.04183984483236353	0.05763369354391798	0.0016625103906899418	0.022443890274314215	0.024660570795234135	0.022720975339429204	0.0011083402604599613	0.00831255195344971	0.03380437794402882	0.01690218897201441	0.0016625103906899418	0.00831255195344971	0.007481296758104738	0.0077583818232197285	0.0008312551953449709	0.0019395954558049321	0.08118592407869216	0.0371293987254087	0.005264616237184816	0.021335550013854253	0.023275145469659187	0.011637572734829594	0.0013854253255749516	0.004710446106954835	0.044610695483513436	0.021335550013854253	0.0024937655860349127	0.00914380714879468	0.029093931837073983	0.016070933776669436	0.0011083402604599613	0.0072042116929897475	0.019118869492934332	0.011360487669714602	0.0016625103906899418	0.006650041562759767	0.0	0.0199501246882793	0.0	0.008589637018564699	0.02770850651149903	0.014131338320864505	0.0016625103906899418	0.006650041562759767	0.025491825990579108	0.004433361041839845	0.0024937655860349127	0.0022166805209199226	0.03269603768356886	0.04045441950678858	0.0038791909116098642	0.015239678581324467
0.021612635078969242	0.025491825990579108	0.0019395954558049321	0.010529232474369632	0.050983651981158215	0.02715433638126905	0.0024937655860349127	0.014962593516209476	0.0	0.014962593516209476	0.0	0.00942089221390967	0.04183984483236353	0.056802438348573014	0.0016625103906899418	0.023275145469659187	0.024383485730119146	0.023275145469659187	0.0013854253255749516	0.0077583818232197285	0.03325020781379884	0.01690218897201441	0.0022166805209199226	0.00831255195344971	0.0077583818232197285	0.0077583818232197285	0.0005541701302299807	0.0019395954558049321	0.08201717927403714	0.03768356885563868	0.004710446106954835	0.020504294818509284	0.022998060404544194	0.011083402604599613	0.0016625103906899418	0.005264616237184816	0.04405652535328346	0.021058464948739263	0.003047935716264893	0.00942089221390967	0.02881684677195899	0.016070933776669436	0.0013854253255749516	0.0072042116929897475	0.019118869492934332	0.011914657799944583	0.0013854253255749516	0.006372956497644777	0.0	0.02022720975339429	0.0	0.00831255195344971	0.02770850651149903	0.014408423385979495	0.0016625103906899418	0.006372956497644777	0.025768911055694097	0.004433361041839845	0.0022166805209199226	0.0022166805209199226	0.03269603768356886	0.04045441950678858	0.0038791909116098642	0.015239678581324467
0.021335550013854253	0.025768911055694097	0.0022166805209199226	0.010252147409254642	0.050983651981158215	0.02770850651149903	0.0024937655860349127	0.014408423385979495	0.0	0.015239678581324467	0.0	0.00914380714879468	0.04156275976724855	0.057079523413688	0.0019395954558049321	0.022998060404544194	0.024383485730119146	0.022998060404544194	0.0013854253255749516	0.008035466888334718	0.033527292878913824	0.01690218897201441	0.0024937655860349127	0.0077583818232197285	0.0077583818232197285	0.008035466888334718	0.0005541701302299807	0.0016625103906899418	0.08035466888334719	0.038791909116098644	0.006095871432529786	0.019118869492934332	0.023275145469659187	0.011083402604599613	0.0013854253255749516	0.005264616237184816	0.04405652535328346	0.020504294818509284	0.0033250207813798837	0.009697977279024661	0.02881684677195899	0.015793848711554447	0.0013854253255749516	0.007481296758104738	0.01856469936270435	0.011360487669714602	0.0016625103906899418	0.0072042116929897475	0.0	0.02022720975339429	0.0	0.00831255195344971	0.02798559157661402	0.014131338320864505	0.0013854253255749516	0.006650041562759767	0.025768911055694097	0.004433361041839845	0.0022166805209199226	0.0022166805209199226	0.03408146300914381	0.040177334441673596	0.003047935716264893	0.015516763646439457
0.021335550013854253	0.026045996120809087	0.0022166805209199226	0.00997506234413965	0.050983651981158215	0.02770850651149903	0.003047935716264893	0.013854253255749516	0.0	0.015516763646439457	0.0	0.00886672208367969	0.041285674702133554	0.05763369354391798	0.0022166805209199226	0.022443890274314215	0.024383485730119146	0.022998060404544194	0.0013854253255749516	0.008035466888334718	0.03325020781379884	0.01690218897201441	0.002770850651149903	0.0077583818232197285	0.0077583818232197285	0.008035466888334718	0.0005541701302299807	0.0016625103906899418	0.08118592407869216	0.038237738985868665	0.005264616237184816	0.019395954558049322	0.023829315599889166	0.011637572734829594	0.0008312551953449709	0.004710446106954835	0.04488778054862843	0.02022720975339429	0.0033250207813798837	0.00914380714879468	0.028539761706844	0.014685508451094486	0.0016625103906899418	0.008589637018564699	0.019118869492934332	0.012191742865059573	0.0011083402604599613	0.006372956497644777	0.0	0.02022720975339429	0.0	0.00831255195344971	0.02798559157661402	0.014408423385979495	0.0013854253255749516	0.006372956497644777	0.025768911055694097	0.004433361041839845	0.0022166805209199226	0.0022166805209199226	0.03463563313937379	0.03906899418121363	0.002770850651149903	0.01662510390689942
0.021889720144084236	0.025768911055694097	0.0016625103906899418	0.010252147409254642	0.05070656691604322	0.02632308118592408	0.0033250207813798837	0.015239678581324467	0.0	0.015793848711554447	0.0	0.008589637018564699	0.040731504571903575	0.057079523413688	0.002770850651149903	0.022998060404544194	0.024383485730119146	0.022998060404544194	0.0013854253255749516	0.008035466888334718	0.03325020781379884	0.017179274037129398	0.002770850651149903	0.007481296758104738	0.0077583818232197285	0.0077583818232197285	0.0005541701302299807	0.0019395954558049321	0.08201717927403714	0.03768356885563868	0.005264616237184816	0.0199501246882793	0.023829315599889166	0.012191742865059573	0.0008312551953449709	0.004156275976724855	0.04488778054862843	0.0199501246882793	0.0033250207813798837	0.00942089221390967	0.02826267664172901	0.014685508451094486	0.0019395954558049321	0.008589637018564699	0.019118869492934332	0.012191742865059573	0.0016625103906899418	0.005818786367414797	0.0	0.0199501246882793	0.0	0.008589637018564699	0.02826267664172901	0.014408423385979495	0.0011083402604599613	0.006372956497644777	0.026045996120809087	0.004433361041839845	0.0019395954558049321	0.0022166805209199226	0.03380437794402882	0.0399002493765586	0.002770850651149903	0.015793848711554447
0.021335550013854253	0.026045996120809087	0.0022166805209199226	0.00997506234413965	0.050983651981158215	0.026045996120809087	0.0033250207813798837	0.015239678581324467	0.0	0.01634801884178443	0.0	0.008035466888334718	0.04100858963701857	0.05652535328345802	0.0024937655860349127	0.023552230534774177	0.024383485730119146	0.022998060404544194	0.0013854253255749516	0.008035466888334718	0.033527292878913824	0.01773344416735938	0.0024937655860349127	0.006927126627874758	0.008035466888334718	0.0077583818232197285	0.0002770850651149903	0.0019395954558049321	0.08146300914380715	0.03796065392075367	0.004987531172069825	0.0199501246882793	0.023552230534774177	0.011914657799944583	0.0011083402604599613	0.004433361041839845	0.04516486561374342	0.01967303962316431	0.003047935716264893	0.009697977279024661	0.02826267664172901	0.014408423385979495	0.0019395954558049321	0.00886672208367969	0.019118869492934332	0.012191742865059573	0.0016625103906899418	0.005818786367414797	0.0	0.0199501246882793	0.0	0.008589637018564699	0.02826267664172901	0.014408423385979495	0.0011083402604599613	0.006372956497644777	0.02660016625103907	0.004156275976724855	0.0013854253255749516	0.0024937655860349127	0.03380437794402882	0.03906899418121363	0.0033250207813798837	0.01662510390689942
0.021335550013854253	0.02660016625103907	0.0022166805209199226	0.00942089221390967	0.05070656691604322	0.02632308118592408	0.0038791909116098642	0.014685508451094486	0.0	0.01662510390689942	0.0	0.0077583818232197285	0.04156275976724855	0.05569409808811305	0.0019395954558049321	0.024383485730119146	0.024106400665004156	0.022166805209199225	0.0016625103906899418	0.00886672208367969	0.032973122748683845	0.01773344416735938	0.003047935716264893	0.006927126627874758	0.008035466888334718	0.00831255195344971	0.0002770850651149903	0.0013854253255749516	0.08395677472984206	0.03657522859517872	0.004987531172069825	0.021058464948739263	0.024106400665004156	0.011914657799944583	0.0005541701302299807	0.004433361041839845	0.04544195067885841	0.0199501246882793	0.002770850651149903	0.00942089221390967	0.02881684677195899	0.014685508451094486	0.0013854253255749516	0.008589637018564699	0.019118869492934332	0.013300083125519535	0.0016625103906899418	0.004710446106954835	0.0	0.021058464948739263	0.0	0.007481296758104738	0.02826267664172901	0.014408423385979495	0.0011083402604599613	0.006372956497644777	0.02660016625103907	0.004156275976724855	0.0013854253255749516	0.0024937655860349127	0.032418952618453865	0.03906899418121363	0.0024937655860349127	0.01662510390689942
0.021335550013854253	0.02660016625103907	0.0022166805209199226	0.00942089221390967	0.05015239678581324	0.02687725131615406	0.004433361041839845	0.014131338320864505	0.0	0.01634801884178443	0.0	0.008035466888334718	0.04183984483236353	0.05541701302299806	0.0016625103906899418	0.024660570795234135	0.023829315599889166	0.022166805209199225	0.0019395954558049321	0.00886672208367969	0.03269603768356886	0.01801052923247437	0.0033250207813798837	0.006650041562759767	0.008035466888334718	0.008035466888334718	0.0005541701302299807	0.0013854253255749516	0.0800775838182322	0.03740648379052369	0.005541701302299806	0.020504294818509284	0.023552230534774177	0.011914657799944583	0.0011083402604599613	0.004433361041839845	0.04544195067885841	0.02022720975339429	0.002770850651149903	0.00914380714879468	0.028539761706844	0.015516763646439457	0.0016625103906899418	0.0077583818232197285	0.01967303962316431	0.013577168190634524	0.0011083402604599613	0.004433361041839845	0.0	0.021058464948739263	0.0	0.007481296758104738	0.02798559157661402	0.014685508451094486	0.0013854253255749516	0.006095871432529786	0.02660016625103907	0.0038791909116098642	0.0013854253255749516	0.002770850651149903	0.03574397339983375	0.038791909116098644	0.0022166805209199226	0.01690218897201441
0.021058464948739263	0.026045996120809087	0.0024937655860349127	0.00997506234413965	0.05015239678581324	0.02660016625103907	0.004433361041839845	0.014408423385979495	0.0	0.01690218897201441	0.0	0.007481296758104738	0.04239401496259352	0.05486284289276808	0.0011083402604599613	0.025214740925464118	0.024106400665004156	0.021058464948739263	0.0016625103906899418	0.00997506234413965	0.03325020781379884	0.01828761429758936	0.002770850651149903	0.006372956497644777	0.008035466888334718	0.008035466888334718	0.0002770850651149903	0.0016625103906899418	0.08090883901357716	0.03740648379052369	0.005818786367414797	0.020504294818509284	0.022998060404544194	0.012191742865059573	0.0016625103906899418	0.004156275976724855	0.0457190357439734	0.021058464948739263	0.0024937655860349127	0.00831255195344971	0.02881684677195899	0.014962593516209476	0.0013854253255749516	0.00831255195344971	0.01967303962316431	0.013300083125519535	0.0013854253255749516	0.004433361041839845	0.0	0.020504294818509284	0.0	0.008035466888334718	0.02826267664172901	0.014408423385979495	0.0013854253255749516	0.006095871432529786	0.02660016625103907	0.0033250207813798837	0.0013854253255749516	0.0033250207813798837	0.034912718204488775	0.03851482405098365	0.0019395954558049321	0.017179274037129398
0.021612635078969242	0.02715433638126905	0.0019395954558049321	0.00886672208367969	0.050429481850928236	0.02632308118592408	0.004710446106954835	0.014131338320864505	0.0	0.01662510390689942	0.0	0.0077583818232197285	0.042671100027708506	0.05624826821834303	0.0008312551953449709	0.023829315599889166	0.023829315599889166	0.021612635078969242	0.0019395954558049321	0.00942089221390967	0.03269603768356886	0.017456359102244388	0.003047935716264893	0.007481296758104738	0.008035466888334718	0.00831255195344971	0.0002770850651149903	0.0013854253255749516	0.07952341368800221	0.0371293987254087	0.005264616237184816	0.020504294818509284	0.023275145469659187	0.012191742865059573	0.0013854253255749516	0.004156275976724855	0.0457190357439734	0.020781379883624274	0.002770850651149903	0.00831255195344971	0.02881684677195899	0.015239678581324467	0.0013854253255749516	0.008035466888334718	0.02022720975339429	0.013577168190634524	0.0008312551953449709	0.004156275976724855	0.0	0.020504294818509284	0.0	0.008035466888334718	0.02826267664172901	0.014408423385979495	0.0008312551953449709	0.006650041562759767	0.02687725131615406	0.0033250207813798837	0.0011083402604599613	0.0033250207813798837	0.03740648379052369	0.03851482405098365	0.0016625103906899418	0.017179274037129398
0.021335550013854253	0.02770850651149903	0.0022166805209199226	0.00831255195344971	0.050429481850928236	0.02632308118592408	0.004987531172069825	0.013854253255749516	0.0	0.01634801884178443	0.0	0.008035466888334718	0.04239401496259352	0.05569409808811305	0.0011083402604599613	0.024383485730119146	0.023829315599889166	0.021612635078969242	0.0019395954558049321	0.00942089221390967	0.03269603768356886	0.017456359102244388	0.003047935716264893	0.007481296758104738	0.008035466888334718	0.008035466888334718	0.0002770850651149903	0.0016625103906899418	0.07952341368800221	0.038237738985868665	0.005541701302299806	0.019395954558049322	0.023275145469659187	0.012468827930174564	0.0013854253255749516	0.0038791909116098642	0.04516486561374342	0.021058464948739263	0.002770850651149903	0.008589637018564699	0.029093931837073983	0.015239678581324467	0.0011083402604599613	0.008035466888334718	0.020504294818509284	0.013022998060404543	0.0005541701302299807	0.004710446106954835	0.0	0.02022720975339429	0.0	0.00831255195344971	0.02826267664172901	0.014408423385979495	0.0011083402604599613	0.006372956497644777	0.02715433638126905	0.0036021058464948737	0.0008312551953449709	0.003047935716264893	0.0371293987254087	0.038237738985868665	0.0016625103906899418	0.017456359102244388
0.021612635078969242	0.02770850651149903	0.0019395954558049321	0.00831255195344971	0.050983651981158215	0.02660016625103907	0.004433361041839845	0.013577168190634524	0.0	0.01634801884178443	0.0	0.008035466888334718	0.042671100027708506	0.05597118315322804	0.0008312551953449709	0.024106400665004156	0.023829315599889166	0.022166805209199225	0.0019395954558049321	0.00886672208367969	0.03158769742310889	0.01773344416735938	0.0033250207813798837	0.008035466888334718	0.008035466888334718	0.008035466888334718	0.0002770850651149903	0.0016625103906899418	0.07952341368800221	0.03796065392075367	0.005264616237184816	0.01967303962316431	0.023552230534774177	0.011914657799944583	0.0011083402604599613	0.004433361041839845	0.0457190357439734	0.020781379883624274	0.0022166805209199226	0.00886672208367969	0.029371016902188973	0.014685508451094486	0.0008312551953449709	0.008589637018564699	0.020781379883624274	0.013022998060404543	0.0002770850651149903	0.004710446106954835	0.0	0.020504294818509284	0.0	0.008035466888334718	0.02770850651149903	0.014685508451094486	0.0013854253255749516	0.006372956497644777	0.02687725131615406	0.0036021058464948737	0.0011083402604599613	0.003047935716264893	0.03768356885563868	0.03851482405098365	0.0013854253255749516	0.017179274037129398
0.021612635078969242	0.02715433638126905	0.0019395954558049321	0.00886672208367969	0.05070656691604322	0.02743142144638404	0.004433361041839845	0.013022998060404543	0.0	0.01662510390689942	0.0	0.0077583818232197285	0.042116929897478526	0.05513992795788307	0.0013854253255749516	0.02493765586034913	0.024106400665004156	0.021889720144084236	0.0016625103906899418	0.00914380714879468	0.03131061235799391	0.01773344416735938	0.0036021058464948737	0.008035466888334718	0.008035466888334718	0.008035466888334718	0.0002770850651149903	0.0016625103906899418	0.0798004987531172	0.03657522859517872	0.004710446106954835	0.020781379883624274	0.023275145469659187	0.011360487669714602	0.0013854253255749516	0.004987531172069825	0.04516486561374342	0.020781379883624274	0.0024937655860349127	0.00914380714879468	0.029371016902188973	0.014962593516209476	0.0008312551953449709	0.00831255195344971	0.021058464948739263	0.013300083125519535	0.0	0.004433361041839845	0.0	0.020504294818509284	0.0	0.008035466888334718	0.02743142144638404	0.014685508451094486	0.0013854253255749516	0.006650041562759767	0.02632308118592408	0.0036021058464948737	0.0016625103906899418	0.003047935716264893	0.03796065392075367	0.038791909116098644	0.0016625103906899418	0.01690218897201441
0.021612635078969242	0.02687725131615406	0.0019395954558049321	0.00914380714879468	0.05126073704627321	0.02687725131615406	0.0038791909116098642	0.013577168190634524	0.0	0.016070933776669436	0.0	0.00831255195344971	0.04183984483236353	0.05486284289276808	0.0016625103906899418	0.025214740925464118	0.023829315599889166	0.022443890274314215	0.0019395954558049321	0.008589637018564699	0.03131061235799391	0.017456359102244388	0.0036021058464948737	0.00831255195344971	0.008035466888334718	0.0077583818232197285	0.0002770850651149903	0.0019395954558049321	0.08035466888334719	0.03602105846494874	0.005264616237184816	0.020781379883624274	0.023275145469659187	0.011914657799944583	0.0013854253255749516	0.004433361041839845	0.04544195067885841	0.022166805209199225	0.0022166805209199226	0.0077583818232197285	0.029093931837073983	0.014685508451094486	0.0011083402604599613	0.008589637018564699	0.020781379883624274	0.012745912995289554	0.0002770850651149903	0.004987531172069825	0.0	0.021058464948739263	0.0	0.007481296758104738	0.02743142144638404	0.014685508451094486	0.0013854253255749516	0.006650041562759767	0.02632308118592408	0.0036021058464948737	0.0016625103906899418	0.003047935716264893	0.03657522859517872	0.03796065392075367	0.0024937655860349127	0.01773344416735938
0.021058464948739263	0.02715433638126905	0.0024937655860349127	0.00886672208367969	0.05181490717650319	0.02687725131615406	0.0033250207813798837	0.013577168190634524	0.0	0.01662510390689942	0.0	0.0077583818232197285	0.04183984483236353	0.05486284289276808	0.0016625103906899418	0.025214740925464118	0.023552230534774177	0.022166805209199225	0.0022166805209199226	0.00886672208367969	0.031864782488223886	0.01801052923247437	0.003047935716264893	0.0077583818232197285	0.008035466888334718	0.008035466888334718	0.0002770850651149903	0.0016625103906899418	0.07924632862288723	0.03685231366029371	0.005264616237184816	0.020504294818509284	0.023275145469659187	0.012191742865059573	0.0013854253255749516	0.004156275976724855	0.044610695483513436	0.022166805209199225	0.0024937655860349127	0.00831255195344971	0.02881684677195899	0.014131338320864505	0.0011083402604599613	0.00942089221390967	0.020504294818509284	0.012191742865059573	0.0005541701302299807	0.005541701302299806	0.0	0.021058464948739263	0.0	0.007481296758104738	0.02687725131615406	0.014408423385979495	0.0019395954558049321	0.006927126627874758	0.02632308118592408	0.003047935716264893	0.0016625103906899418	0.0036021058464948737	0.03685231366029371	0.03796065392075367	0.002770850651149903	0.01773344416735938
0.021058464948739263	0.02687725131615406	0.0024937655860349127	0.00914380714879468	0.051537822111388194	0.02798559157661402	0.0036021058464948737	0.012468827930174564	0.0	0.01634801884178443	0.0	0.008035466888334718	0.04183984483236353	0.05569409808811305	0.0016625103906899418	0.024383485730119146	0.023552230534774177	0.022720975339429204	0.0022166805209199226	0.00831255195344971	0.03214186755333887	0.017456359102244388	0.002770850651149903	0.00831255195344971	0.0077583818232197285	0.008035466888334718	0.0005541701302299807	0.0016625103906899418	0.07952341368800221	0.03768356885563868	0.006095871432529786	0.01967303962316431	0.023275145469659187	0.012191742865059573	0.0013854253255749516	0.004156275976724855	0.044610695483513436	0.021889720144084236	0.0022166805209199226	0.00886672208367969	0.028539761706844	0.013577168190634524	0.0013854253255749516	0.00997506234413965	0.020504294818509284	0.012468827930174564	0.0005541701302299807	0.005264616237184816	0.0	0.020781379883624274	0.0	0.0077583818232197285	0.02660016625103907	0.014131338320864505	0.0022166805209199226	0.0072042116929897475	0.02660016625103907	0.0033250207813798837	0.0013854253255749516	0.0033250207813798837	0.03546688833471876	0.03796065392075367	0.003047935716264893	0.01773344416735938
0.021058464948739263	0.02715433638126905	0.0024937655860349127	0.00886672208367969	0.05264616237184816	0.028539761706844	0.002770850651149903	0.011637572734829594	0.0	0.01690218897201441	0.0	0.007481296758104738	0.04183984483236353	0.05403158769742311	0.0016625103906899418	0.026045996120809087	0.022998060404544194	0.022443890274314215	0.002770850651149903	0.008589637018564699	0.031864782488223886	0.01828761429758936	0.003047935716264893	0.007481296758104738	0.007481296758104738	0.0077583818232197285	0.0008312551953449709	0.0019395954558049321	0.07869215849265725	0.0371293987254087	0.006372956497644777	0.0199501246882793	0.023275145469659187	0.012468827930174564	0.0013854253255749516	0.0038791909116098642	0.04488778054862843	0.022443890274314215	0.0022166805209199226	0.008035466888334718	0.02826267664172901	0.013022998060404543	0.0019395954558049321	0.010252147409254642	0.0199501246882793	0.012191742865059573	0.0011083402604599613	0.005541701302299806	0.0	0.020504294818509284	0.0	0.008035466888334718	0.02687725131615406	0.014685508451094486	0.0022166805209199226	0.006372956497644777	0.02632308118592408	0.0033250207813798837	0.0016625103906899418	0.0033250207813798837	0.03685231366029371	0.03685231366029371	0.0024937655860349127	0.01884178442781934
0.021335550013854253	0.02660016625103907	0.0022166805209199226	0.00942089221390967	0.05264616237184816	0.02881684677195899	0.002770850651149903	0.011360487669714602	0.0	0.01662510390689942	0.0	0.0077583818232197285	0.04183984483236353	0.05403158769742311	0.0016625103906899418	0.026045996120809087	0.022998060404544194	0.022166805209199225	0.002770850651149903	0.00886672208367969	0.03214186755333887	0.01801052923247437	0.002770850651149903	0.0077583818232197285	0.007481296758104738	0.0077583818232197285	0.0008312551953449709	0.0019395954558049321	0.07896924355777224	0.038237738985868665	0.006927126627874758	0.01884178442781934	0.022998060404544194	0.012468827930174564	0.0016625103906899418	0.0038791909116098642	0.04488778054862843	0.021889720144084236	0.0022166805209199226	0.008589637018564699	0.02798559157661402	0.013577168190634524	0.0022166805209199226	0.009697977279024661	0.0199501246882793	0.011914657799944583	0.0011083402604599613	0.005818786367414797	0.0	0.021058464948739263	0.0	0.007481296758104738	0.02743142144638404	0.014408423385979495	0.0016625103906899418	0.006650041562759767	0.026045996120809087	0.0036021058464948737	0.0019395954558049321	0.003047935716264893	0.03657522859517872	0.03685231366029371	0.0019395954558049321	0.01884178442781934
0.021335550013854253	0.02715433638126905	0.0022166805209199226	0.00886672208367969	0.05126073704627321	0.02881684677195899	0.004156275976724855	0.011360487669714602	0.0	0.01690218897201441	0.0	0.007481296758104738	0.04239401496259352	0.05513992795788307	0.0011083402604599613	0.02493765586034913	0.023275145469659187	0.021889720144084236	0.0024937655860349127	0.00914380714879468	0.03214186755333887	0.01856469936270435	0.0022166805209199226	0.0077583818232197285	0.007481296758104738	0.008035466888334718	0.0008312551953449709	0.0016625103906899418	0.07841507342754225	0.038237738985868665	0.006927126627874758	0.01828761429758936	0.023275145469659187	0.012468827930174564	0.0013854253255749516	0.0038791909116098642	0.0457190357439734	0.021889720144084236	0.0013854253255749516	0.008589637018564699	0.02798559157661402	0.014131338320864505	0.0022166805209199226	0.00914380714879468	0.01967303962316431	0.012745912995289554	0.0011083402604599613	0.005264616237184816	0.0	0.020504294818509284	0.0	0.008035466888334718	0.02743142144638404	0.014131338320864505	0.0016625103906899418	0.006927126627874758	0.02660016625103907	0.0036021058464948737	0.0013854253255749516	0.003047935716264893	0.03740648379052369	0.03740648379052369	0.0022166805209199226	0.01828761429758936
0.021058464948739263	0.02715433638126905	0.0024937655860349127	0.00886672208367969	0.05015239678581324	0.02826267664172901	0.005264616237184816	0.011914657799944583	0.0	0.01690218897201441	0.0	0.007481296758104738	0.042671100027708506	0.05624826821834303	0.0008312551953449709	0.023829315599889166	0.023275145469659187	0.023275145469659187	0.0024937655860349127	0.0077583818232197285	0.03214186755333887	0.01856469936270435	0.0022166805209199226	0.0077583818232197285	0.007481296758104738	0.0077583818232197285	0.0008312551953449709	0.0019395954558049321	0.0798004987531172	0.03906899418121363	0.005818786367414797	0.017456359102244388	0.023829315599889166	0.012468827930174564	0.0008312551953449709	0.0038791909116098642	0.04544195067885841	0.021335550013854253	0.0016625103906899418	0.00914380714879468	0.029093931837073983	0.013854253255749516	0.0019395954558049321	0.008589637018564699	0.0199501246882793	0.013022998060404543	0.0005541701302299807	0.005264616237184816	0.0	0.020781379883624274	0.0	0.0077583818232197285	0.02743142144638404	0.014685508451094486	0.0016625103906899418	0.006372956497644777	0.02660016625103907	0.004156275976724855	0.0013854253255749516	0.0024937655860349127	0.03657522859517872	0.03657522859517872	0.002770850651149903	0.019118869492934332
0.021612635078969242	0.02632308118592408	0.0019395954558049321	0.009697977279024661	0.051537822111388194	0.02798559157661402	0.004710446106954835	0.011360487669714602	0.0	0.01662510390689942	0.0	0.0077583818232197285	0.04239401496259352	0.05569409808811305	0.0011083402604599613	0.024383485730119146	0.023275145469659187	0.023275145469659187	0.0024937655860349127	0.0077583818232197285	0.031033527292878914	0.01856469936270435	0.003047935716264893	0.008035466888334718	0.007481296758104738	0.00831255195344971	0.0005541701302299807	0.0016625103906899418	0.07952341368800221	0.039623164311443616	0.005541701302299806	0.01662510390689942	0.023552230534774177	0.012745912995289554	0.0011083402604599613	0.0036021058464948737	0.04544195067885841	0.022166805209199225	0.0019395954558049321	0.008035466888334718	0.029093931837073983	0.014131338320864505	0.0019395954558049321	0.00831255195344971	0.01967303962316431	0.013300083125519535	0.0008312551953449709	0.004987531172069825	0.0	0.020504294818509284	0.0	0.008035466888334718	0.02770850651149903	0.014962593516209476	0.0013854253255749516	0.006095871432529786	0.02660016625103907	0.0038791909116098642	0.0013854253255749516	0.002770850651149903	0.03768356885563868	0.03629814353006373	0.0024937655860349127	0.019395954558049322
0.021058464948739263	0.02632308118592408	0.0024937655860349127	0.009697977279024661	0.052091992241618174	0.02770850651149903	0.004156275976724855	0.011637572734829594	0.0	0.017456359102244388	0.0	0.006927126627874758	0.0429481850928235	0.056802438348573014	0.0005541701302299807	0.023275145469659187	0.022998060404544194	0.022720975339429204	0.002770850651149903	0.00831255195344971	0.03214186755333887	0.01856469936270435	0.0022166805209199226	0.0077583818232197285	0.007481296758104738	0.00831255195344971	0.0002770850651149903	0.0019395954558049321	0.08090883901357716	0.03934607924632862	0.005541701302299806	0.017179274037129398	0.023275145469659187	0.012468827930174564	0.0013854253255749516	0.0038791909116098642	0.04544195067885841	0.021335550013854253	0.0019395954558049321	0.00886672208367969	0.029093931837073983	0.014131338320864505	0.0019395954558049321	0.00831255195344971	0.01967303962316431	0.012745912995289554	0.0008312551953449709	0.005541701302299806	0.0	0.02022720975339429	0.0	0.00831255195344971	0.02770850651149903	0.014962593516209476	0.0013854253255749516	0.006095871432529786	0.02660016625103907	0.004156275976724855	0.0013854253255749516	0.0024937655860349127	0.03657522859517872	0.03657522859517872	0.0019395954558049321	0.019118869492934332
0.021058464948739263	0.025491825990579108	0.0024937655860349127	0.010529232474369632	0.05126073704627321	0.028539761706844	0.004987531172069825	0.010806317539484621	0.0	0.017456359102244388	0.0	0.006927126627874758	0.0429481850928235	0.056802438348573014	0.0005541701302299807	0.023275145469659187	0.022998060404544194	0.022998060404544194	0.002770850651149903	0.008035466888334718	0.03214186755333887	0.01801052923247437	0.0022166805209199226	0.00831255195344971	0.007481296758104738	0.00831255195344971	0.0002770850651149903	0.0019395954558049321	0.07924632862288723	0.03851482405098365	0.006372956497644777	0.01801052923247437	0.022998060404544194	0.012468827930174564	0.0016625103906899418	0.0038791909116098642	0.04544195067885841	0.021612635078969242	0.0019395954558049321	0.008589637018564699	0.02826267664172901	0.014962593516209476	0.0024937655860349127	0.0077583818232197285	0.01967303962316431	0.013022998060404543	0.0008312551953449709	0.005264616237184816	0.0	0.0199501246882793	0.0	0.008589637018564699	0.02770850651149903	0.014685508451094486	0.0013854253255749516	0.006372956497644777	0.02687725131615406	0.004156275976724855	0.0011083402604599613	0.0024937655860349127	0.03768356885563868	0.03685231366029371	0.0016625103906899418	0.01884178442781934
0.021058464948739263	0.025491825990579108	0.0024937655860349127	0.010529232474369632	0.051537822111388194	0.029093931837073983	0.004710446106954835	0.010252147409254642	0.0	0.01662510390689942	0.0	0.0077583818232197285	0.04239401496259352	0.05652535328345802	0.0011083402604599613	0.023552230534774177	0.023552230534774177	0.022443890274314215	0.0022166805209199226	0.008589637018564699	0.03214186755333887	0.01828761429758936	0.0024937655860349127	0.0077583818232197285	0.0077583818232197285	0.00831255195344971	0.0002770850651149903	0.0016625103906899418	0.0773067331670823	0.039623164311443616	0.0072042116929897475	0.01662510390689942	0.023275145469659187	0.012191742865059573	0.0013854253255749516	0.004156275976724855	0.04599612080908839	0.021889720144084236	0.0013854253255749516	0.00831255195344971	0.029093931837073983	0.014962593516209476	0.0016625103906899418	0.0077583818232197285	0.01967303962316431	0.012745912995289554	0.0008312551953449709	0.005541701302299806	0.0	0.0199501246882793	0.0	0.008589637018564699	0.02770850651149903	0.014408423385979495	0.0013854253255749516	0.006650041562759767	0.02715433638126905	0.0038791909116098642	0.0008312551953449709	0.002770850651149903	0.038237738985868665	0.0371293987254087	0.0024937655860349127	0.01856469936270435
0.022166805209199225	0.024660570795234135	0.0013854253255749516	0.011360487669714602	0.05236907730673317	0.029371016902188973	0.0038791909116098642	0.00997506234413965	0.0	0.01634801884178443	0.0	0.008035466888334718	0.04183984483236353	0.05597118315322804	0.0016625103906899418	0.024106400665004156	0.023829315599889166	0.022443890274314215	0.0019395954558049321	0.008589637018564699	0.03158769742310889	0.01801052923247437	0.002770850651149903	0.00831255195344971	0.008035466888334718	0.00831255195344971	0.0	0.0016625103906899418	0.07675256303685231	0.0399002493765586	0.006095871432529786	0.01690218897201441	0.023552230534774177	0.012745912995289554	0.0011083402604599613	0.0036021058464948737	0.04627320587420338	0.021889720144084236	0.0013854253255749516	0.008035466888334718	0.029371016902188973	0.014685508451094486	0.0013854253255749516	0.008035466888334718	0.0199501246882793	0.012745912995289554	0.0005541701302299807	0.005541701302299806	0.0	0.01967303962316431	0.0	0.00886672208367969	0.02826267664172901	0.013854253255749516	0.0011083402604599613	0.006927126627874758	0.02660016625103907	0.004433361041839845	0.0013854253255749516	0.0022166805209199226	0.039623164311443616	0.03768356885563868	0.0022166805209199226	0.01801052923247437
0.022166805209199225	0.025214740925464118	0.0013854253255749516	0.010806317539484621	0.05264616237184816	0.029093931837073983	0.0036021058464948737	0.010252147409254642	0.0	0.01662510390689942	0.0	0.0077583818232197285	0.04156275976724855	0.05597118315322804	0.0019395954558049321	0.024106400665004156	0.023552230534774177	0.022443890274314215	0.0022166805209199226	0.008589637018564699	0.030756442227763924	0.01801052923247437	0.0038791909116098642	0.008035466888334718	0.008035466888334718	0.008035466888334718	0.0	0.0019395954558049321	0.07647547797173733	0.038791909116098644	0.005818786367414797	0.01773344416735938	0.023552230534774177	0.012191742865059573	0.0011083402604599613	0.004156275976724855	0.04599612080908839	0.021612635078969242	0.0013854253255749516	0.008589637018564699	0.02881684677195899	0.015239678581324467	0.0019395954558049321	0.007481296758104738	0.01967303962316431	0.013022998060404543	0.0008312551953449709	0.005264616237184816	0.0	0.01856469936270435	0.0	0.00997506234413965	0.02770850651149903	0.013577168190634524	0.0019395954558049321	0.006927126627874758	0.02660016625103907	0.004433361041839845	0.0013854253255749516	0.0022166805209199226	0.04100858963701857	0.038237738985868665	0.0016625103906899418	0.017456359102244388
0.022443890274314215	0.025214740925464118	0.0011083402604599613	0.010806317539484621	0.052091992241618174	0.029093931837073983	0.004156275976724855	0.010252147409254642	0.0	0.015793848711554447	0.0	0.008589637018564699	0.041285674702133554	0.05569409808811305	0.0022166805209199226	0.024383485730119146	0.024106400665004156	0.021889720144084236	0.0016625103906899418	0.00914380714879468	0.030756442227763924	0.01801052923247437	0.0036021058464948737	0.00831255195344971	0.008035466888334718	0.00831255195344971	0.0	0.0016625103906899418	0.07592130784150734	0.038791909116098644	0.005818786367414797	0.01773344416735938	0.023829315599889166	0.012191742865059573	0.0008312551953449709	0.004156275976724855	0.04627320587420338	0.021335550013854253	0.0011083402604599613	0.00886672208367969	0.029093931837073983	0.015516763646439457	0.0013854253255749516	0.007481296758104738	0.019395954558049322	0.012745912995289554	0.0011083402604599613	0.005541701302299806	0.0	0.01856469936270435	0.0	0.00997506234413965	0.02798559157661402	0.012745912995289554	0.0016625103906899418	0.0077583818232197285	0.02660016625103907	0.004433361041839845	0.0013854253255749516	0.0022166805209199226	0.040731504571903575	0.03796065392075367	0.0024937655860349127	0.01773344416735938
0.022443890274314215	0.025768911055694097	0.0011083402604599613	0.010252147409254642	0.05236907730673317	0.028539761706844	0.004156275976724855	0.010529232474369632	0.0	0.016070933776669436	0.0	0.00831255195344971	0.04156275976724855	0.05652535328345802	0.0019395954558049321	0.023552230534774177	0.024106400665004156	0.022166805209199225	0.0016625103906899418	0.00886672208367969	0.031033527292878914	0.01773344416735938	0.0033250207813798837	0.008589637018564699	0.008035466888334718	0.008035466888334718	0.0	0.0019395954558049321	0.07564422277639235	0.03906899418121363	0.004710446106954835	0.01828761429758936	0.023829315599889166	0.011914657799944583	0.0008312551953449709	0.004433361041839845	0.0457190357439734	0.021335550013854253	0.0016625103906899418	0.00886672208367969	0.029925187032418952	0.015793848711554447	0.0005541701302299807	0.0072042116929897475	0.019395954558049322	0.012468827930174564	0.0011083402604599613	0.005818786367414797	0.0	0.01828761429758936	0.0	0.010252147409254642	0.028539761706844	0.012468827930174564	0.0013854253255749516	0.0077583818232197285	0.02632308118592408	0.004433361041839845	0.0016625103906899418	0.0022166805209199226	0.041285674702133554	0.0371293987254087	0.0024937655860349127	0.01856469936270435
0.022443890274314215	0.025768911055694097	0.0011083402604599613	0.010252147409254642	0.053477417567193125	0.02715433638126905	0.0033250207813798837	0.011637572734829594	0.0	0.01662510390689942	0.0	0.0077583818232197285	0.04156275976724855	0.05541701302299806	0.0019395954558049321	0.024660570795234135	0.024383485730119146	0.022166805209199225	0.0013854253255749516	0.00886672208367969	0.031033527292878914	0.017456359102244388	0.0036021058464948737	0.008589637018564699	0.008035466888334718	0.00831255195344971	0.0	0.0016625103906899418	0.0770296481019673	0.03906899418121363	0.004156275976724855	0.01856469936270435	0.023552230534774177	0.011914657799944583	0.0011083402604599613	0.004433361041839845	0.046550290939318374	0.021889720144084236	0.0011083402604599613	0.008035466888334718	0.029925187032418952	0.016070933776669436	0.0002770850651149903	0.0072042116929897475	0.01967303962316431	0.013022998060404543	0.0011083402604599613	0.004987531172069825	0.0	0.01828761429758936	0.0	0.010252147409254642	0.028539761706844	0.013022998060404543	0.0013854253255749516	0.0072042116929897475	0.02632308118592408	0.004987531172069825	0.0016625103906899418	0.0016625103906899418	0.0399002493765586	0.03768356885563868	0.002770850651149903	0.01801052923247437
0.022166805209199225	0.026045996120809087	0.0013854253255749516	0.00997506234413965	0.05375450263230812	0.02798559157661402	0.003047935716264893	0.010806317539484621	0.0	0.01690218897201441	0.0	0.007481296758104738	0.04183984483236353	0.05513992795788307	0.0016625103906899418	0.02493765586034913	0.024106400665004156	0.022166805209199225	0.0016625103906899418	0.00886672208367969	0.031864782488223886	0.01773344416735938	0.002770850651149903	0.00831255195344971	0.008035466888334718	0.008589637018564699	0.0	0.0013854253255749516	0.07509005264616238	0.040177334441673596	0.004710446106954835	0.017456359102244388	0.023552230534774177	0.011914657799944583	0.0011083402604599613	0.004433361041839845	0.0457190357439734	0.022443890274314215	0.0019395954558049321	0.007481296758104738	0.030479357162648935	0.015516763646439457	0.0	0.007481296758104738	0.019395954558049322	0.012745912995289554	0.0011083402604599613	0.005541701302299806	0.0	0.01828761429758936	0.0	0.010252147409254642	0.02881684677195899	0.013854253255749516	0.0011083402604599613	0.006372956497644777	0.02632308118592408	0.004710446106954835	0.0016625103906899418	0.0019395954558049321	0.04156275976724855	0.03851482405098365	0.0024937655860349127	0.017179274037129398
0.022166805209199225	0.025491825990579108	0.0013854253255749516	0.010529232474369632	0.053477417567193125	0.02743142144638404	0.0033250207813798837	0.011360487669714602	0.0	0.017179274037129398	0.0	0.0072042116929897475	0.041285674702133554	0.05624826821834303	0.0022166805209199226	0.023829315599889166	0.024106400665004156	0.021889720144084236	0.0016625103906899418	0.00914380714879468	0.031864782488223886	0.017456359102244388	0.002770850651149903	0.008589637018564699	0.008035466888334718	0.00831255195344971	0.0	0.0016625103906899418	0.07647547797173733	0.03906899418121363	0.004710446106954835	0.01801052923247437	0.023829315599889166	0.011914657799944583	0.0008312551953449709	0.004433361041839845	0.04516486561374342	0.022720975339429204	0.0022166805209199226	0.007481296758104738	0.029925187032418952	0.015793848711554447	0.0002770850651149903	0.007481296758104738	0.019118869492934332	0.012745912995289554	0.0013854253255749516	0.005541701302299806	0.0	0.01828761429758936	0.0	0.010252147409254642	0.029093931837073983	0.013300083125519535	0.0011083402604599613	0.006650041562759767	0.02632308118592408	0.004987531172069825	0.0016625103906899418	0.0016625103906899418	0.040731504571903575	0.03740648379052369	0.0024937655860349127	0.01828761429758936
0.022166805209199225	0.025491825990579108	0.0013854253255749516	0.010529232474369632	0.053477417567193125	0.02687725131615406	0.0033250207813798837	0.011914657799944583	0.0	0.017179274037129398	0.0	0.0072042116929897475	0.041285674702133554	0.05652535328345802	0.0022166805209199226	0.023552230534774177	0.024106400665004156	0.021889720144084236	0.0016625103906899418	0.00914380714879468	0.03158769742310889	0.01690218897201441	0.002770850651149903	0.00942089221390967	0.008035466888334718	0.00831255195344971	0.0	0.0016625103906899418	0.0773067331670823	0.039623164311443616	0.005264616237184816	0.017179274037129398	0.023829315599889166	0.012191742865059573	0.0008312551953449709	0.004156275976724855	0.04599612080908839	0.022720975339429204	0.0016625103906899418	0.0072042116929897475	0.029648101967303962	0.016070933776669436	0.0002770850651149903	0.007481296758104738	0.019395954558049322	0.012745912995289554	0.0011083402604599613	0.005541701302299806	0.0	0.01801052923247437	0.0	0.010529232474369632	0.02826267664172901	0.013022998060404543	0.0022166805209199226	0.006650041562759767	0.02660016625103907	0.005264616237184816	0.0013854253255749516	0.0013854253255749516	0.039623164311443616	0.03740648379052369	0.0024937655860349127	0.01828761429758936
0.022443890274314215	0.02493765586034913	0.0011083402604599613	0.011083402604599613	0.05458575782765309	0.02715433638126905	0.002770850651149903	0.011083402604599613	0.0	0.01690218897201441	0.0	0.007481296758104738	0.04156275976724855	0.05624826821834303	0.0019395954558049321	0.023829315599889166	0.024106400665004156	0.022443890274314215	0.0016625103906899418	0.008589637018564699	0.03158769742310889	0.017456359102244388	0.002770850651149903	0.00886672208367969	0.008035466888334718	0.00831255195344971	0.0	0.0016625103906899418	0.07786090329731228	0.040177334441673596	0.006372956497644777	0.01634801884178443	0.023829315599889166	0.012191742865059573	0.0008312551953449709	0.004156275976724855	0.04627320587420338	0.022443890274314215	0.0016625103906899418	0.0072042116929897475	0.029371016902188973	0.016070933776669436	0.0008312551953449709	0.0072042116929897475	0.01967303962316431	0.013300083125519535	0.0008312551953449709	0.004987531172069825	0.0	0.01884178442781934	0.0	0.009697977279024661	0.028539761706844	0.012468827930174564	0.0024937655860349127	0.006650041562759767	0.02660016625103907	0.005264616237184816	0.0013854253255749516	0.0013854253255749516	0.03851482405098365	0.0371293987254087	0.0022166805209199226	0.01856469936270435
0.022443890274314215	0.02493765586034913	0.0011083402604599613	0.011083402604599613	0.05458575782765309	0.02660016625103907	0.003047935716264893	0.011360487669714602	0.0	0.01634801884178443	0.0	0.008035466888334718	0.042671100027708506	0.05652535328345802	0.0008312551953449709	0.023552230534774177	0.024383485730119146	0.022443890274314215	0.0013854253255749516	0.008589637018564699	0.03131061235799391	0.017456359102244388	0.003047935716264893	0.00886672208367969	0.007481296758104738	0.00831255195344971	0.0002770850651149903	0.0019395954558049321	0.08035466888334719	0.040177334441673596	0.005818786367414797	0.01634801884178443	0.023829315599889166	0.011914657799944583	0.0008312551953449709	0.004433361041839845	0.04516486561374342	0.022720975339429204	0.002770850651149903	0.006927126627874758	0.029648101967303962	0.015793848711554447	0.0008312551953449709	0.0072042116929897475	0.01967303962316431	0.013577168190634524	0.0008312551953449709	0.004710446106954835	0.0	0.01884178442781934	0.0	0.009697977279024661	0.029371016902188973	0.012191742865059573	0.0019395954558049321	0.006650041562759767	0.02660016625103907	0.005264616237184816	0.0013854253255749516	0.0013854253255749516	0.03657522859517872	0.0371293987254087	0.0022166805209199226	0.01856469936270435
0.021889720144084236	0.025491825990579108	0.0016625103906899418	0.010529232474369632	0.0543086727625381	0.02660016625103907	0.0036021058464948737	0.011083402604599613	0.0	0.01662510390689942	0.0	0.0077583818232197285	0.04239401496259352	0.05846494873926295	0.0011083402604599613	0.021612635078969242	0.024383485730119146	0.021335550013854253	0.0013854253255749516	0.009697977279024661	0.031033527292878914	0.01828761429758936	0.003047935716264893	0.00831255195344971	0.007481296758104738	0.008589637018564699	0.0002770850651149903	0.0016625103906899418	0.08090883901357716	0.04100858963701857	0.004987531172069825	0.016070933776669436	0.023829315599889166	0.012468827930174564	0.0008312551953449709	0.0038791909116098642	0.04544195067885841	0.023552230534774177	0.0022166805209199226	0.006372956497644777	0.029093931837073983	0.016070933776669436	0.0011083402604599613	0.0072042116929897475	0.019395954558049322	0.012745912995289554	0.0011083402604599613	0.005541701302299806	0.0	0.01884178442781934	0.0	0.009697977279024661	0.029648101967303962	0.012468827930174564	0.0016625103906899418	0.006372956497644777	0.02687725131615406	0.005264616237184816	0.0011083402604599613	0.0013854253255749516	0.03629814353006373	0.03629814353006373	0.0022166805209199226	0.019395954558049322
0.022166805209199225	0.02632308118592408	0.0013854253255749516	0.009697977279024661	0.053477417567193125	0.02687725131615406	0.004156275976724855	0.011083402604599613	0.0	0.01662510390689942	0.0	0.0077583818232197285	0.04239401496259352	0.057356608478802994	0.0011083402604599613	0.022720975339429204	0.02493765586034913	0.020781379883624274	0.0008312551953449709	0.010252147409254642	0.031033527292878914	0.017456359102244388	0.0033250207813798837	0.00886672208367969	0.007481296758104738	0.0077583818232197285	0.0002770850651149903	0.0024937655860349127	0.07924632862288723	0.0429481850928235	0.006095871432529786	0.014408423385979495	0.023829315599889166	0.012745912995289554	0.0008312551953449709	0.0036021058464948737	0.044610695483513436	0.023829315599889166	0.003047935716264893	0.006095871432529786	0.029093931837073983	0.01634801884178443	0.0011083402604599613	0.006927126627874758	0.01967303962316431	0.012468827930174564	0.0008312551953449709	0.005818786367414797	0.0	0.01884178442781934	0.0	0.009697977279024661	0.029648101967303962	0.011914657799944583	0.0019395954558049321	0.006650041562759767	0.02660016625103907	0.005264616237184816	0.0013854253255749516	0.0013854253255749516	0.03629814353006373	0.03740648379052369	0.0024937655860349127	0.01828761429758936
0.021889720144084236	0.02632308118592408	0.0016625103906899418	0.009697977279024661	0.05264616237184816	0.02770850651149903	0.004987531172069825	0.010252147409254642	0.0	0.01634801884178443	0.0	0.008035466888334718	0.042116929897478526	0.05791077860903297	0.0013854253255749516	0.022166805209199225	0.02493765586034913	0.021335550013854253	0.0008312551953449709	0.009697977279024661	0.03020227209753394	0.01773344416735938	0.004156275976724855	0.008589637018564699	0.007481296758104738	0.0077583818232197285	0.0002770850651149903	0.0024937655860349127	0.07952341368800221	0.04239401496259352	0.006927126627874758	0.014685508451094486	0.023829315599889166	0.013022998060404543	0.0008312551953449709	0.0033250207813798837	0.04488778054862843	0.023552230534774177	0.002770850651149903	0.006372956497644777	0.029371016902188973	0.015239678581324467	0.0013854253255749516	0.007481296758104738	0.01967303962316431	0.012468827930174564	0.0011083402604599613	0.005541701302299806	0.0	0.01856469936270435	0.0	0.00997506234413965	0.029925187032418952	0.012468827930174564	0.0016625103906899418	0.006095871432529786	0.026045996120809087	0.005264616237184816	0.0019395954558049321	0.0013854253255749516	0.03629814353006373	0.0371293987254087	0.0016625103906899418	0.01856469936270435
0.021889720144084236	0.025768911055694097	0.0016625103906899418	0.010252147409254642	0.05320033250207814	0.02770850651149903	0.004433361041839845	0.010252147409254642	0.0	0.01690218897201441	0.0	0.007481296758104738	0.04156275976724855	0.05791077860903297	0.0019395954558049321	0.022166805209199225	0.024660570795234135	0.021335550013854253	0.0011083402604599613	0.009697977279024661	0.029925187032418952	0.017456359102244388	0.004156275976724855	0.00914380714879468	0.0072042116929897475	0.0077583818232197285	0.0002770850651149903	0.002770850651149903	0.0800775838182322	0.04183984483236353	0.006372956497644777	0.014962593516209476	0.023552230534774177	0.012745912995289554	0.0011083402604599613	0.0036021058464948737	0.04377944028816847	0.022998060404544194	0.0036021058464948737	0.0072042116929897475	0.03020227209753394	0.014962593516209476	0.0005541701302299807	0.0077583818232197285	0.0199501246882793	0.012191742865059573	0.0011083402604599613	0.005541701302299806	0.0	0.01801052923247437	0.0	0.010529232474369632	0.029925187032418952	0.012191742865059573	0.0019395954558049321	0.006095871432529786	0.02632308118592408	0.004710446106954835	0.0016625103906899418	0.0019395954558049321	0.03518980326960377	0.0371293987254087	0.003047935716264893	0.01856469936270435
0.022166805209199225	0.025491825990579108	0.0013854253255749516	0.010529232474369632	0.053477417567193125	0.02743142144638404	0.004156275976724855	0.010529232474369632	0.0	0.01690218897201441	0.0	0.007481296758104738	0.041285674702133554	0.05624826821834303	0.0022166805209199226	0.023829315599889166	0.024383485730119146	0.021612635078969242	0.0013854253255749516	0.00942089221390967	0.030479357162648935	0.017179274037129398	0.0036021058464948737	0.00942089221390967	0.006927126627874758	0.0072042116929897475	0.0002770850651149903	0.0036021058464948737	0.08063175394846218	0.04156275976724855	0.005818786367414797	0.015239678581324467	0.023275145469659187	0.012468827930174564	0.0013854253255749516	0.0038791909116098642	0.04350235522305348	0.023275145469659187	0.0038791909116098642	0.006927126627874758	0.03020227209753394	0.014962593516209476	0.0005541701302299807	0.0077583818232197285	0.02022720975339429	0.012468827930174564	0.0011083402604599613	0.004987531172069825	0.0	0.019395954558049322	0.0	0.00914380714879468	0.029371016902188973	0.011914657799944583	0.0022166805209199226	0.006650041562759767	0.02660016625103907	0.004987531172069825	0.0013854253255749516	0.0016625103906899418	0.03629814353006373	0.03685231366029371	0.0019395954558049321	0.01884178442781934
0.022166805209199225	0.02493765586034913	0.0013854253255749516	0.011083402604599613	0.05375450263230812	0.02687725131615406	0.004433361041839845	0.010529232474369632	0.0	0.01690218897201441	0.0	0.007481296758104738	0.040731504571903575	0.05652535328345802	0.002770850651149903	0.023552230534774177	0.024106400665004156	0.021335550013854253	0.0016625103906899418	0.009697977279024661	0.03020227209753394	0.01690218897201441	0.0038791909116098642	0.009697977279024661	0.006927126627874758	0.0077583818232197285	0.0002770850651149903	0.003047935716264893	0.08201717927403714	0.04156275976724855	0.005264616237184816	0.014962593516209476	0.023275145469659187	0.012191742865059573	0.0013854253255749516	0.004156275976724855	0.04377944028816847	0.023829315599889166	0.0033250207813798837	0.006650041562759767	0.029648101967303962	0.015239678581324467	0.0011083402604599613	0.007481296758104738	0.02022720975339429	0.012468827930174564	0.0011083402604599613	0.004987531172069825	0.0	0.02022720975339429	0.0	0.00831255195344971	0.029371016902188973	0.011637572734829594	0.0019395954558049321	0.0072042116929897475	0.02632308118592408	0.004987531172069825	0.0016625103906899418	0.0016625103906899418	0.03602105846494874	0.03740648379052369	0.0016625103906899418	0.01828761429758936
0.022166805209199225	0.025214740925464118	0.0013854253255749516	0.010806317539484621	0.05486284289276808	0.02715433638126905	0.0033250207813798837	0.010252147409254642	0.0	0.01662510390689942	0.0	0.0077583818232197285	0.0399002493765586	0.05513992795788307	0.0036021058464948737	0.02493765586034913	0.024660570795234135	0.020504294818509284	0.0011083402604599613	0.010529232474369632	0.030756442227763924	0.01690218897201441	0.0036021058464948737	0.00942089221390967	0.006927126627874758	0.007481296758104738	0.0002770850651149903	0.0033250207813798837	0.08063175394846218	0.04239401496259352	0.005264616237184816	0.014685508451094486	0.023275145469659187	0.011914657799944583	0.0013854253255749516	0.004433361041839845	0.044610695483513436	0.023275145469659187	0.002770850651149903	0.006927126627874758	0.029648101967303962	0.015516763646439457	0.0011083402604599613	0.0072042116929897475	0.020781379883624274	0.012191742865059573	0.0008312551953449709	0.004987531172069825	0.0	0.020504294818509284	0.0	0.008035466888334718	0.029093931837073983	0.012191742865059573	0.0022166805209199226	0.006650041562759767	0.026045996120809087	0.004987531172069825	0.0019395954558049321	0.0016625103906899418	0.03685231366029371	0.0371293987254087	0.0016625103906899418	0.01856469936270435
0.022166805209199225	0.025491825990579108	0.0013854253255749516	0.010529232474369632	0.05486284289276808	0.026045996120809087	0.0033250207813798837	0.011360487669714602	0.0	0.01634801884178443	0.0	0.008035466888334718	0.039623164311443616	0.05541701302299806	0.0038791909116098642	0.024660570795234135	0.024660570795234135	0.02022720975339429	0.0011083402604599613	0.010806317539484621	0.03131061235799391	0.017179274037129398	0.0033250207813798837	0.00886672208367969	0.006927126627874758	0.0077583818232197285	0.0002770850651149903	0.003047935716264893	0.08146300914380715	0.04350235522305348	0.004710446106954835	0.013577168190634524	0.022998060404544194	0.012468827930174564	0.0016625103906899418	0.0038791909116098642	0.04516486561374342	0.022443890274314215	0.0022166805209199226	0.0077583818232197285	0.029371016902188973	0.015516763646439457	0.0011083402604599613	0.007481296758104738	0.021335550013854253	0.012468827930174564	0.0005541701302299807	0.004433361041839845	0.0	0.02022720975339429	0.0	0.00831255195344971	0.029093931837073983	0.012745912995289554	0.0022166805209199226	0.006095871432529786	0.025768911055694097	0.005264616237184816	0.0022166805209199226	0.0013854253255749516	0.03574397339983375	0.03574397339983375	0.0024937655860349127	0.0199501246882793
0.021889720144084236	0.025491825990579108	0.0016625103906899418	0.010529232474369632	0.05486284289276808	0.026045996120809087	0.0033250207813798837	0.011360487669714602	0.0	0.01634801884178443	0.0	0.008035466888334718	0.039623164311443616	0.05763369354391798	0.0038791909116098642	0.022443890274314215	0.024660570795234135	0.020504294818509284	0.0011083402604599613	0.010529232474369632	0.031864782488223886	0.017179274037129398	0.003047935716264893	0.008589637018564699	0.006372956497644777	0.007481296758104738	0.0008312551953449709	0.0033250207813798837	0.0828484344693821	0.04156275976724855	0.004156275976724855	0.015516763646439457	0.022720975339429204	0.013022998060404543	0.0019395954558049321	0.0033250207813798837	0.04544195067885841	0.022443890274314215	0.0022166805209199226	0.007481296758104738	0.02881684677195899	0.016070933776669436	0.0013854253255749516	0.0072042116929897475	0.021335550013854253	0.012468827930174564	0.0005541701302299807	0.004433361041839845	0.0	0.020504294818509284	0.0	0.008035466888334718	0.02881684677195899	0.013300083125519535	0.0022166805209199226	0.005818786367414797	0.025491825990579108	0.004987531172069825	0.0024937655860349127	0.0016625103906899418	0.03574397339983375	0.03629814353006373	0.0016625103906899418	0.019395954558049322
0.021058464948739263	0.02493765586034913	0.0024937655860349127	0.011083402604599613	0.0543086727625381	0.02632308118592408	0.0038791909116098642	0.011083402604599613	0.0	0.01690218897201441	0.0	0.007481296758104738	0.039623164311443616	0.056802438348573014	0.0038791909116098642	0.023275145469659187	0.024383485730119146	0.020504294818509284	0.0013854253255749516	0.010529232474369632	0.031033527292878914	0.01773344416735938	0.0036021058464948737	0.00831255195344971	0.006372956497644777	0.007481296758104738	0.0008312551953449709	0.0033250207813798837	0.08146300914380715	0.042116929897478526	0.004987531172069825	0.014131338320864505	0.022998060404544194	0.012468827930174564	0.0016625103906899418	0.0038791909116098642	0.0457190357439734	0.022443890274314215	0.0019395954558049321	0.007481296758104738	0.02770850651149903	0.01662510390689942	0.0022166805209199226	0.006927126627874758	0.021335550013854253	0.012468827930174564	0.0005541701302299807	0.004433361041839845	0.0	0.020504294818509284	0.0	0.008035466888334718	0.02881684677195899	0.013577168190634524	0.0022166805209199226	0.005541701302299806	0.025491825990579108	0.004987531172069825	0.0024937655860349127	0.0016625103906899418	0.03740648379052369	0.03629814353006373	0.0013854253255749516	0.019395954558049322
0.021335550013854253	0.02493765586034913	0.0022166805209199226	0.011083402604599613	0.05486284289276808	0.025491825990579108	0.0033250207813798837	0.011914657799944583	0.0	0.01662510390689942	0.0	0.0077583818232197285	0.0399002493765586	0.057079523413688	0.0036021058464948737	0.022998060404544194	0.023829315599889166	0.021058464948739263	0.0019395954558049321	0.00997506234413965	0.03158769742310889	0.017179274037129398	0.003047935716264893	0.00886672208367969	0.006372956497644777	0.007481296758104738	0.0008312551953449709	0.0033250207813798837	0.08229426433915212	0.04100858963701857	0.004987531172069825	0.015239678581324467	0.023275145469659187	0.011914657799944583	0.0013854253255749516	0.004433361041839845	0.0457190357439734	0.022720975339429204	0.0019395954558049321	0.0072042116929897475	0.029093931837073983	0.017179274037129398	0.0011083402604599613	0.006095871432529786	0.021335550013854253	0.012468827930174564	0.0005541701302299807	0.004433361041839845	0.0	0.020781379883624274	0.0	0.0077583818232197285	0.02881684677195899	0.013577168190634524	0.0022166805209199226	0.005541701302299806	0.025491825990579108	0.005264616237184816	0.0024937655860349127	0.0013854253255749516	0.0371293987254087	0.038237738985868665	0.0008312551953449709	0.017456359102244388
0.021058464948739263	0.025214740925464118	0.0024937655860349127	0.010806317539484621	0.05486284289276808	0.02493765586034913	0.0036021058464948737	0.012191742865059573	0.0	0.017456359102244388	0.0	0.006927126627874758	0.04045441950678858	0.057356608478802994	0.003047935716264893	0.022720975339429204	0.024106400665004156	0.021058464948739263	0.0016625103906899418	0.00997506234413965	0.031864782488223886	0.017456359102244388	0.003047935716264893	0.00831255195344971	0.006927126627874758	0.007481296758104738	0.0002770850651149903	0.0033250207813798837	0.0831255195344971	0.04156275976724855	0.004710446106954835	0.014131338320864505	0.023275145469659187	0.011914657799944583	0.0013854253255749516	0.004433361041839845	0.04627320587420338	0.022443890274314215	0.0016625103906899418	0.0072042116929897475	0.02881684677195899	0.01773344416735938	0.0011083402604599613	0.005818786367414797	0.020781379883624274	0.012191742865059573	0.0011083402604599613	0.004710446106954835	0.0	0.021058464948739263	0.0	0.007481296758104738	0.028539761706844	0.013577168190634524	0.0024937655860349127	0.005541701302299806	0.025768911055694097	0.005541701302299806	0.0022166805209199226	0.0011083402604599613	0.03685231366029371	0.03851482405098365	0.0011083402604599613	0.017179274037129398
0.021889720144084236	0.024383485730119146	0.0016625103906899418	0.011637572734829594	0.05513992795788307	0.02493765586034913	0.0036021058464948737	0.011914657799944583	0.0	0.01828761429758936	0.0	0.006095871432529786	0.04045441950678858	0.057356608478802994	0.003047935716264893	0.022720975339429204	0.024106400665004156	0.021612635078969242	0.0016625103906899418	0.00942089221390967	0.03214186755333887	0.017456359102244388	0.0024937655860349127	0.008589637018564699	0.006372956497644777	0.0072042116929897475	0.0008312551953449709	0.0036021058464948737	0.08340260459961209	0.04156275976724855	0.004433361041839845	0.014131338320864505	0.023552230534774177	0.011637572734829594	0.0011083402604599613	0.004710446106954835	0.04627320587420338	0.021889720144084236	0.0019395954558049321	0.007481296758104738	0.028539761706844	0.017456359102244388	0.0013854253255749516	0.006095871432529786	0.020781379883624274	0.012191742865059573	0.0011083402604599613	0.004710446106954835	0.0	0.02022720975339429	0.0	0.00831255195344971	0.02770850651149903	0.013854253255749516	0.0033250207813798837	0.005264616237184816	0.026045996120809087	0.004987531172069825	0.0019395954558049321	0.0016625103906899418	0.03685231366029371	0.03851482405098365	0.0011083402604599613	0.017179274037129398
0.021889720144084236	0.024660570795234135	0.0016625103906899418	0.011360487669714602	0.05458575782765309	0.025491825990579108	0.0038791909116098642	0.011637572734829594	0.0	0.01856469936270435	0.0	0.005818786367414797	0.040731504571903575	0.057079523413688	0.002770850651149903	0.022998060404544194	0.023829315599889166	0.022166805209199225	0.0019395954558049321	0.00886672208367969	0.031864782488223886	0.01773344416735938	0.002770850651149903	0.00831255195344971	0.006650041562759767	0.006927126627874758	0.0008312551953449709	0.0036021058464948737	0.08257134940426711	0.04156275976724855	0.004433361041839845	0.013577168190634524	0.023552230534774177	0.011637572734829594	0.0011083402604599613	0.004710446106954835	0.04627320587420338	0.021612635078969242	0.0024937655860349127	0.0072042116929897475	0.028539761706844	0.01828761429758936	0.0013854253255749516	0.005264616237184816	0.020781379883624274	0.012191742865059573	0.0011083402604599613	0.004710446106954835	0.0	0.0199501246882793	0.0	0.008589637018564699	0.02798559157661402	0.014131338320864505	0.003047935716264893	0.004987531172069825	0.025768911055694097	0.004987531172069825	0.0022166805209199226	0.0016625103906899418	0.038237738985868665	0.03934607924632862	0.0011083402604599613	0.01634801884178443
0.022166805209199225	0.024660570795234135	0.0013854253255749516	0.011360487669714602	0.052923247436963146	0.02687725131615406	0.005541701302299806	0.010252147409254642	0.0	0.01801052923247437	0.0	0.006372956497644777	0.04100858963701857	0.057356608478802994	0.0024937655860349127	0.022720975339429204	0.023829315599889166	0.021889720144084236	0.0019395954558049321	0.00914380714879468	0.031864782488223886	0.01801052923247437	0.002770850651149903	0.008035466888334718	0.006372956497644777	0.006650041562759767	0.0008312551953449709	0.004156275976724855	0.08035466888334719	0.042116929897478526	0.004710446106954835	0.013022998060404543	0.023829315599889166	0.011083402604599613	0.0008312551953449709	0.005264616237184816	0.0457190357439734	0.021058464948739263	0.003047935716264893	0.0077583818232197285	0.02881684677195899	0.01801052923247437	0.0011083402604599613	0.005541701302299806	0.021058464948739263	0.011914657799944583	0.0011083402604599613	0.004710446106954835	0.0	0.0199501246882793	0.0	0.008589637018564699	0.02715433638126905	0.014408423385979495	0.0038791909116098642	0.004710446106954835	0.026045996120809087	0.004987531172069825	0.0019395954558049321	0.0016625103906899418	0.040177334441673596	0.039623164311443616	0.0011083402604599613	0.016070933776669436
0.022166805209199225	0.025491825990579108	0.0013854253255749516	0.010529232474369632	0.052923247436963146	0.026045996120809087	0.005264616237184816	0.011360487669714602	0.0	0.01801052923247437	0.0	0.006372956497644777	0.04045441950678858	0.05791077860903297	0.003047935716264893	0.022166805209199225	0.023829315599889166	0.021612635078969242	0.0019395954558049321	0.00942089221390967	0.031864782488223886	0.01856469936270435	0.002770850651149903	0.007481296758104738	0.006927126627874758	0.006927126627874758	0.0002770850651149903	0.0038791909116098642	0.07924632862288723	0.04156275976724855	0.004710446106954835	0.013300083125519535	0.023829315599889166	0.010806317539484621	0.0008312551953449709	0.005541701302299806	0.04488778054862843	0.021335550013854253	0.004156275976724855	0.0072042116929897475	0.029093931837073983	0.01801052923247437	0.0008312551953449709	0.005541701302299806	0.020504294818509284	0.011637572734829594	0.0016625103906899418	0.004987531172069825	0.0	0.0199501246882793	0.0	0.008589637018564699	0.02715433638126905	0.014408423385979495	0.0038791909116098642	0.004710446106954835	0.02632308118592408	0.004987531172069825	0.0016625103906899418	0.0016625103906899418	0.04100858963701857	0.03796065392075367	0.0016625103906899418	0.01773344416735938
0.022720975339429204	0.025214740925464118	0.0008312551953449709	0.010806317539484621	0.052923247436963146	0.025214740925464118	0.005264616237184816	0.012191742865059573	0.0	0.01828761429758936	0.0	0.006095871432529786	0.039623164311443616	0.056802438348573014	0.0038791909116098642	0.023275145469659187	0.024106400665004156	0.021612635078969242	0.0016625103906899418	0.00942089221390967	0.03214186755333887	0.01828761429758936	0.0022166805209199226	0.008035466888334718	0.006927126627874758	0.006372956497644777	0.0002770850651149903	0.004433361041839845	0.07952341368800221	0.042116929897478526	0.004710446106954835	0.012745912995289554	0.023552230534774177	0.00997506234413965	0.0011083402604599613	0.006372956497644777	0.04544195067885841	0.020781379883624274	0.0038791909116098642	0.007481296758104738	0.029371016902188973	0.01773344416735938	0.0008312551953449709	0.005541701302299806	0.01967303962316431	0.011637572734829594	0.0024937655860349127	0.004987531172069825	0.0	0.0199501246882793	0.0	0.008589637018564699	0.02687725131615406	0.014408423385979495	0.004156275976724855	0.004710446106954835	0.02660016625103907	0.005264616237184816	0.0013854253255749516	0.0013854253255749516	0.040177334441673596	0.03685231366029371	0.0022166805209199226	0.01884178442781934
0.022443890274314215	0.025768911055694097	0.0011083402604599613	0.010252147409254642	0.05320033250207814	0.025214740925464118	0.004987531172069825	0.012191742865059573	0.0	0.01801052923247437	0.0	0.006372956497644777	0.039623164311443616	0.05652535328345802	0.0038791909116098642	0.023552230534774177	0.024106400665004156	0.021889720144084236	0.0016625103906899418	0.00914380714879468	0.03214186755333887	0.01801052923247437	0.0022166805209199226	0.00831255195344971	0.006650041562759767	0.006372956497644777	0.0002770850651149903	0.004710446106954835	0.07813798836242726	0.04100858963701857	0.004433361041839845	0.014131338320864505	0.024106400665004156	0.010252147409254642	0.0005541701302299807	0.006095871432529786	0.0457190357439734	0.021058464948739263	0.0036021058464948737	0.0072042116929897475	0.029093931837073983	0.017456359102244388	0.0011083402604599613	0.005818786367414797	0.02022720975339429	0.011637572734829594	0.0019395954558049321	0.004987531172069825	0.0	0.0199501246882793	0.0	0.008589637018564699	0.02770850651149903	0.014131338320864505	0.0033250207813798837	0.004987531172069825	0.02660016625103907	0.005264616237184816	0.0013854253255749516	0.0013854253255749516	0.04239401496259352	0.03629814353006373	0.0013854253255749516	0.019395954558049322
0.021889720144084236	0.025768911055694097	0.0016625103906899418	0.010252147409254642	0.05375450263230812	0.025491825990579108	0.004433361041839845	0.011914657799944583	0.0	0.01828761429758936	0.0	0.006095871432529786	0.0399002493765586	0.056802438348573014	0.0036021058464948737	0.023275145469659187	0.023829315599889166	0.022720975339429204	0.0019395954558049321	0.00831255195344971	0.031864782488223886	0.01801052923247437	0.0024937655860349127	0.00831255195344971	0.006372956497644777	0.006095871432529786	0.0005541701302299807	0.004987531172069825	0.07841507342754225	0.04100858963701857	0.004987531172069825	0.014131338320864505	0.024383485730119146	0.00997506234413965	0.0002770850651149903	0.006372956497644777	0.0457190357439734	0.020781379883624274	0.0036021058464948737	0.007481296758104738	0.029093931837073983	0.01773344416735938	0.0011083402604599613	0.005541701302299806	0.0199501246882793	0.011637572734829594	0.0019395954558049321	0.005264616237184816	0.0	0.01967303962316431	0.0	0.00886672208367969	0.02798559157661402	0.013577168190634524	0.002770850651149903	0.005818786367414797	0.02687725131615406	0.004987531172069825	0.0011083402604599613	0.0016625103906899418	0.04183984483236353	0.03602105846494874	0.0011083402604599613	0.01967303962316431
0.022166805209199225	0.02632308118592408	0.0013854253255749516	0.009697977279024661	0.05403158769742311	0.025768911055694097	0.004156275976724855	0.011637572734829594	0.0	0.01801052923247437	0.0	0.006372956497644777	0.0399002493765586	0.05624826821834303	0.0036021058464948737	0.023829315599889166	0.023829315599889166	0.022998060404544194	0.0019395954558049321	0.008035466888334718	0.03214186755333887	0.01828761429758936	0.0019395954558049321	0.00831255195344971	0.006372956497644777	0.006372956497644777	0.0005541701302299807	0.004710446106954835	0.07924632862288723	0.04045441950678858	0.0038791909116098642	0.014408423385979495	0.023829315599889166	0.010529232474369632	0.0008312551953449709	0.005818786367414797	0.0457190357439734	0.020504294818509284	0.0038791909116098642	0.007481296758104738	0.029093931837073983	0.017456359102244388	0.0011083402604599613	0.005818786367414797	0.0199501246882793	0.011637572734829594	0.0022166805209199226	0.004987531172069825	0.0	0.0199501246882793	0.0	0.008589637018564699	0.02881684677195899	0.013854253255749516	0.0019395954558049321	0.005541701302299806	0.02743142144638404	0.004987531172069825	0.0005541701302299807	0.0016625103906899418	0.04183984483236353	0.03657522859517872	0.0016625103906899418	0.019118869492934332
0.022166805209199225	0.025491825990579108	0.0013854253255749516	0.010529232474369632	0.05541701302299806	0.02660016625103907	0.002770850651149903	0.010806317539484621	0.0	0.01856469936270435	0.0	0.005818786367414797	0.04045441950678858	0.05597118315322804	0.003047935716264893	0.024106400665004156	0.023552230534774177	0.023275145469659187	0.0022166805209199226	0.0077583818232197285	0.031864782488223886	0.01801052923247437	0.0022166805209199226	0.008589637018564699	0.006372956497644777	0.006650041562759767	0.0005541701302299807	0.004433361041839845	0.0800775838182322	0.040177334441673596	0.0038791909116098642	0.014408423385979495	0.024106400665004156	0.010529232474369632	0.0005541701302299807	0.005818786367414797	0.0457190357439734	0.0199501246882793	0.004156275976724855	0.0077583818232197285	0.029371016902188973	0.017456359102244388	0.0008312551953449709	0.005818786367414797	0.0199501246882793	0.011637572734829594	0.0019395954558049321	0.005264616237184816	0.0	0.0199501246882793	0.0	0.008589637018564699	0.02826267664172901	0.013300083125519535	0.0024937655860349127	0.006095871432529786	0.02660016625103907	0.004987531172069825	0.0013854253255749516	0.0016625103906899418	0.04100858963701857	0.03685231366029371	0.0019395954558049321	0.01884178442781934
0.022166805209199225	0.025214740925464118	0.0013854253255749516	0.010806317539484621	0.05541701302299806	0.02632308118592408	0.002770850651149903	0.011083402604599613	0.0	0.01773344416735938	0.0	0.006650041562759767	0.04100858963701857	0.05486284289276808	0.0024937655860349127	0.025214740925464118	0.023829315599889166	0.023829315599889166	0.0019395954558049321	0.0072042116929897475	0.031864782488223886	0.01856469936270435	0.0022166805209199226	0.008035466888334718	0.006372956497644777	0.006927126627874758	0.0005541701302299807	0.004156275976724855	0.08118592407869216	0.04045441950678858	0.004433361041839845	0.013854253255749516	0.023552230534774177	0.010529232474369632	0.0011083402604599613	0.005818786367414797	0.04599612080908839	0.021058464948739263	0.0038791909116098642	0.006650041562759767	0.029371016902188973	0.01773344416735938	0.0008312551953449709	0.005541701302299806	0.02022720975339429	0.011637572734829594	0.0016625103906899418	0.005264616237184816	0.0	0.01967303962316431	0.0	0.00886672208367969	0.028539761706844	0.013300083125519535	0.0022166805209199226	0.006095871432529786	0.025768911055694097	0.004710446106954835	0.0022166805209199226	0.0019395954558049321	0.038791909116098644	0.03685231366029371	0.002770850651149903	0.01884178442781934
0.022166805209199225	0.025768911055694097	0.0013854253255749516	0.010252147409254642	0.05486284289276808	0.02743142144638404	0.003047935716264893	0.010252147409254642	0.0	0.01828761429758936	0.0	0.006095871432529786	0.041285674702133554	0.05486284289276808	0.0022166805209199226	0.025214740925464118	0.024106400665004156	0.023275145469659187	0.0016625103906899418	0.0077583818232197285	0.031864782488223886	0.01884178442781934	0.0019395954558049321	0.008035466888334718	0.006372956497644777	0.007481296758104738	0.0005541701302299807	0.0036021058464948737	0.08090883901357716	0.04045441950678858	0.005541701302299806	0.014131338320864505	0.024106400665004156	0.010806317539484621	0.0005541701302299807	0.005541701302299806	0.04599612080908839	0.021335550013854253	0.0036021058464948737	0.006650041562759767	0.029093931837073983	0.017456359102244388	0.0011083402604599613	0.005818786367414797	0.02022720975339429	0.011083402604599613	0.0016625103906899418	0.005818786367414797	0.0	0.01967303962316431	0.0	0.00886672208367969	0.028539761706844	0.013300083125519535	0.0022166805209199226	0.006095871432529786	0.025768911055694097	0.004710446106954835	0.0022166805209199226	0.0019395954558049321	0.03796065392075367	0.03629814353006373	0.0024937655860349127	0.019395954558049322
0.022166805209199225	0.025768911055694097	0.0013854253255749516	0.010252147409254642	0.05624826821834303	0.02660016625103907	0.0022166805209199226	0.010529232474369632	0.0	0.01801052923247437	0.0	0.006372956497644777	0.04156275976724855	0.05513992795788307	0.0019395954558049321	0.02493765586034913	0.024383485730119146	0.023275145469659187	0.0013854253255749516	0.0077583818232197285	0.03214186755333887	0.01801052923247437	0.0024937655860349127	0.008035466888334718	0.006927126627874758	0.0077583818232197285	0.0002770850651149903	0.003047935716264893	0.08090883901357716	0.040177334441673596	0.006095871432529786	0.014408423385979495	0.023829315599889166	0.011083402604599613	0.0008312551953449709	0.005264616237184816	0.04627320587420338	0.020781379883624274	0.0033250207813798837	0.0072042116929897475	0.02881684677195899	0.017179274037129398	0.0013854253255749516	0.006095871432529786	0.020504294818509284	0.011083402604599613	0.0013854253255749516	0.005818786367414797	0.0	0.0199501246882793	0.0	0.008589637018564699	0.029093931837073983	0.013022998060404543	0.0016625103906899418	0.006372956497644777	0.02632308118592408	0.005264616237184816	0.0016625103906899418	0.0013854253255749516	0.03796065392075367	0.03602105846494874	0.0019395954558049321	0.01967303962316431
0.022720975339429204	0.026045996120809087	0.0008312551953449709	0.00997506234413965	0.05597118315322804	0.02632308118592408	0.0022166805209199226	0.011083402604599613	0.0	0.01801052923247437	0.0	0.006372956497644777	0.040731504571903575	0.05403158769742311	0.002770850651149903	0.026045996120809087	0.024660570795234135	0.022720975339429204	0.0011083402604599613	0.00831255195344971	0.03158769742310889	0.01801052923247437	0.0033250207813798837	0.0077583818232197285	0.007481296758104738	0.0077583818232197285	0.0	0.002770850651149903	0.08090883901357716	0.03934607924632862	0.005264616237184816	0.015516763646439457	0.022998060404544194	0.010252147409254642	0.0016625103906899418	0.006095871432529786	0.04627320587420338	0.020781379883624274	0.003047935716264893	0.007481296758104738	0.02881684677195899	0.017179274037129398	0.0013854253255749516	0.006095871432529786	0.020504294818509284	0.011083402604599613	0.0016625103906899418	0.005541701302299806	0.0	0.020504294818509284	0.0	0.008035466888334718	0.02881684677195899	0.012745912995289554	0.0019395954558049321	0.006650041562759767	0.02632308118592408	0.004710446106954835	0.0016625103906899418	0.0019395954558049321	0.03906899418121363	0.03685231366029371	0.0013854253255749516	0.01884178442781934
0.022998060404544194	0.025768911055694097	0.0005541701302299807	0.010252147409254642	0.05486284289276808	0.02715433638126905	0.002770850651149903	0.010806317539484621	0.0	0.01828761429758936	0.0	0.006095871432529786	0.04100858963701857	0.05375450263230812	0.0024937655860349127	0.02632308118592408	0.024383485730119146	0.024106400665004156	0.0013854253255749516	0.006927126627874758	0.031864782488223886	0.01828761429758936	0.003047935716264893	0.007481296758104738	0.007481296758104738	0.0077583818232197285	0.0002770850651149903	0.0024937655860349127	0.08063175394846218	0.03906899418121363	0.006095871432529786	0.015516763646439457	0.022720975339429204	0.010529232474369632	0.0019395954558049321	0.005818786367414797	0.04710446106954835	0.020781379883624274	0.0022166805209199226	0.007481296758104738	0.02881684677195899	0.017179274037129398	0.0013854253255749516	0.006095871432529786	0.020504294818509284	0.011360487669714602	0.0019395954558049321	0.004987531172069825	0.0	0.020781379883624274	0.0	0.0077583818232197285	0.02881684677195899	0.013300083125519535	0.0019395954558049321	0.006095871432529786	0.02632308118592408	0.004710446106954835	0.0016625103906899418	0.0019395954558049321	0.039623164311443616	0.03740648379052369	0.0005541701302299807	0.01828761429758936
0.022443890274314215	0.026045996120809087	0.0011083402604599613	0.00997506234413965	0.05569409808811305	0.026045996120809087	0.0024937655860349127	0.011360487669714602	0.0	0.01856469936270435	0.0	0.005818786367414797	0.04100858963701857	0.052923247436963146	0.0024937655860349127	0.02715433638126905	0.023275145469659187	0.023829315599889166	0.0024937655860349127	0.0072042116929897475	0.03214186755333887	0.01828761429758936	0.002770850651149903	0.007481296758104738	0.007481296758104738	0.0077583818232197285	0.0002770850651149903	0.0024937655860349127	0.08035466888334719	0.03740648379052369	0.006372956497644777	0.017179274037129398	0.022998060404544194	0.010529232474369632	0.0016625103906899418	0.005818786367414797	0.04682737600443336	0.021335550013854253	0.0022166805209199226	0.0072042116929897475	0.028539761706844	0.017179274037129398	0.0016625103906899418	0.006095871432529786	0.020781379883624274	0.011360487669714602	0.0016625103906899418	0.004987531172069825	0.0	0.021612635078969242	0.0	0.006927126627874758	0.029371016902188973	0.013300083125519535	0.0013854253255749516	0.006095871432529786	0.02660016625103907	0.004710446106954835	0.0013854253255749516	0.0019395954558049321	0.039623164311443616	0.03629814353006373	0.0005541701302299807	0.019395954558049322
0.022720975339429204	0.02493765586034913	0.0008312551953449709	0.011083402604599613	0.05597118315322804	0.025214740925464118	0.0022166805209199226	0.012191742865059573	0.0	0.01884178442781934	0.0	0.005541701302299806	0.040731504571903575	0.05320033250207814	0.002770850651149903	0.02687725131615406	0.023275145469659187	0.023275145469659187	0.0024937655860349127	0.0077583818232197285	0.03214186755333887	0.01856469936270435	0.002770850651149903	0.0072042116929897475	0.007481296758104738	0.0077583818232197285	0.0002770850651149903	0.0024937655860349127	0.08090883901357716	0.038237738985868665	0.005818786367414797	0.01690218897201441	0.023275145469659187	0.010806317539484621	0.0013854253255749516	0.005541701302299806	0.046550290939318374	0.021612635078969242	0.0024937655860349127	0.006927126627874758	0.02770850651149903	0.01690218897201441	0.0024937655860349127	0.006372956497644777	0.020781379883624274	0.011360487669714602	0.0016625103906899418	0.004987531172069825	0.0	0.021889720144084236	0.0	0.006650041562759767	0.029648101967303962	0.014131338320864505	0.0011083402604599613	0.005264616237184816	0.02715433638126905	0.004710446106954835	0.0008312551953449709	0.0019395954558049321	0.03906899418121363	0.03657522859517872	0.0005541701302299807	0.019118869492934332
0.022443890274314215	0.024383485730119146	0.0011083402604599613	0.011637572734829594	0.05597118315322804	0.026045996120809087	0.0022166805209199226	0.011360487669714602	0.0	0.01856469936270435	0.0	0.005818786367414797	0.0399002493765586	0.05375450263230812	0.0036021058464948737	0.02632308118592408	0.022998060404544194	0.022166805209199225	0.002770850651149903	0.00886672208367969	0.03269603768356886	0.019395954558049322	0.0022166805209199226	0.006372956497644777	0.007481296758104738	0.0077583818232197285	0.0002770850651149903	0.0024937655860349127	0.08174009420892214	0.03768356885563868	0.005541701302299806	0.017179274037129398	0.023552230534774177	0.011083402604599613	0.0011083402604599613	0.005264616237184816	0.04599612080908839	0.022720975339429204	0.002770850651149903	0.006095871432529786	0.02743142144638404	0.01690218897201441	0.002770850651149903	0.006372956497644777	0.021058464948739263	0.011914657799944583	0.0013854253255749516	0.004433361041839845	0.0	0.021612635078969242	0.0	0.006927126627874758	0.029371016902188973	0.014131338320864505	0.0011083402604599613	0.005541701302299806	0.02687725131615406	0.004710446106954835	0.0011083402604599613	0.0019395954558049321	0.03851482405098365	0.03518980326960377	0.0008312551953449709	0.020504294818509284
0.022443890274314215	0.024106400665004156	0.0011083402604599613	0.011914657799944583	0.05541701302299806	0.025768911055694097	0.002770850651149903	0.011637572734829594	0.0	0.01967303962316431	0.0	0.004710446106954835	0.040731504571903575	0.05403158769742311	0.002770850651149903	0.026045996120809087	0.022998060404544194	0.022443890274314215	0.002770850651149903	0.008589637018564699	0.03158769742310889	0.01967303962316431	0.003047935716264893	0.006372956497644777	0.007481296758104738	0.0077583818232197285	0.0002770850651149903	0.0024937655860349127	0.08174009420892214	0.038237738985868665	0.004710446106954835	0.017456359102244388	0.023829315599889166	0.011360487669714602	0.0008312551953449709	0.004987531172069825	0.046550290939318374	0.022720975339429204	0.0024937655860349127	0.005818786367414797	0.02743142144638404	0.01690218897201441	0.002770850651149903	0.006372956497644777	0.020504294818509284	0.011637572734829594	0.0019395954558049321	0.004710446106954835	0.0	0.021335550013854253	0.0	0.0072042116929897475	0.029093931837073983	0.014408423385979495	0.0011083402604599613	0.005541701302299806	0.02687725131615406	0.004710446106954835	0.0011083402604599613	0.0019395954558049321	0.038237738985868665	0.03602105846494874	0.0011083402604599613	0.01967303962316431
0.022443890274314215	0.024383485730119146	0.0011083402604599613	0.011637572734829594	0.05513992795788307	0.025491825990579108	0.0033250207813798837	0.011637572734829594	0.0	0.01967303962316431	0.0	0.004710446106954835	0.04156275976724855	0.05403158769742311	0.0019395954558049321	0.026045996120809087	0.022720975339429204	0.021889720144084236	0.003047935716264893	0.00914380714879468	0.031864782488223886	0.020504294818509284	0.002770850651149903	0.005541701302299806	0.007481296758104738	0.0077583818232197285	0.0002770850651149903	0.0024937655860349127	0.08201717927403714	0.038237738985868665	0.004710446106954835	0.01690218897201441	0.023552230534774177	0.011360487669714602	0.0011083402604599613	0.004987531172069825	0.04710446106954835	0.022166805209199225	0.0019395954558049321	0.006372956497644777	0.02715433638126905	0.01690218897201441	0.003047935716264893	0.006372956497644777	0.020504294818509284	0.011360487669714602	0.0016625103906899418	0.005264616237184816	0.0	0.020781379883624274	0.0	0.0077583818232197285	0.029371016902188973	0.014685508451094486	0.0008312551953449709	0.005264616237184816	0.02632308118592408	0.004987531172069825	0.0016625103906899418	0.0016625103906899418	0.038237738985868665	0.03629814353006373	0.0013854253255749516	0.019395954558049322
0.022720975339429204	0.024106400665004156	0.0008312551953449709	0.011914657799944583	0.05458575782765309	0.024660570795234135	0.0038791909116098642	0.012468827930174564	0.0	0.01967303962316431	0.0	0.004710446106954835	0.04156275976724855	0.05458575782765309	0.0019395954558049321	0.025491825990579108	0.022998060404544194	0.022166805209199225	0.002770850651149903	0.00886672208367969	0.031864782488223886	0.020781379883624274	0.0024937655860349127	0.005541701302299806	0.007481296758104738	0.007481296758104738	0.0002770850651149903	0.002770850651149903	0.08035466888334719	0.038237738985868665	0.004433361041839845	0.01662510390689942	0.023275145469659187	0.011360487669714602	0.0013854253255749516	0.004987531172069825	0.04627320587420338	0.022443890274314215	0.0024937655860349127	0.006372956497644777	0.02743142144638404	0.016070933776669436	0.003047935716264893	0.006927126627874758	0.020504294818509284	0.011637572734829594	0.0016625103906899418	0.004987531172069825	0.0	0.020781379883624274	0.0	0.0077583818232197285	0.02881684677195899	0.014685508451094486	0.0013854253255749516	0.005264616237184816	0.026045996120809087	0.004710446106954835	0.0019395954558049321	0.0019395954558049321	0.04045441950678858	0.03657522859517872	0.0013854253255749516	0.019118869492934332
0.022166805209199225	0.023829315599889166	0.0013854253255749516	0.012191742865059573	0.05513992795788307	0.02493765586034913	0.0033250207813798837	0.012191742865059573	0.0	0.019395954558049322	0.0	0.004987531172069825	0.041285674702133554	0.05541701302299806	0.0022166805209199226	0.024660570795234135	0.023552230534774177	0.022998060404544194	0.0022166805209199226	0.008035466888334718	0.03158769742310889	0.02022720975339429	0.0024937655860349127	0.006372956497644777	0.0072042116929897475	0.006927126627874758	0.0005541701302299807	0.0033250207813798837	0.08257134940426711	0.03906899418121363	0.004156275976724855	0.015516763646439457	0.023275145469659187	0.011914657799944583	0.0013854253255749516	0.004433361041839845	0.04599612080908839	0.022166805209199225	0.002770850651149903	0.006650041562759767	0.02826267664172901	0.01634801884178443	0.0022166805209199226	0.006650041562759767	0.020781379883624274	0.012191742865059573	0.0013854253255749516	0.004433361041839845	0.0	0.021058464948739263	0.0	0.007481296758104738	0.028539761706844	0.014131338320864505	0.0016625103906899418	0.005818786367414797	0.026045996120809087	0.004710446106954835	0.0019395954558049321	0.0019395954558049321	0.038791909116098644	0.03629814353006373	0.0013854253255749516	0.019395954558049322
0.022443890274314215	0.023275145469659187	0.0011083402604599613	0.012745912995289554	0.05458575782765309	0.025491825990579108	0.0038791909116098642	0.011637572734829594	0.0	0.01884178442781934	0.0	0.005541701302299806	0.04156275976724855	0.05486284289276808	0.0019395954558049321	0.025214740925464118	0.023829315599889166	0.022443890274314215	0.0019395954558049321	0.008589637018564699	0.03158769742310889	0.020504294818509284	0.0024937655860349127	0.006095871432529786	0.006927126627874758	0.0072042116929897475	0.0005541701302299807	0.0033250207813798837	0.08174009420892214	0.038237738985868665	0.0038791909116098642	0.01634801884178443	0.023275145469659187	0.011914657799944583	0.0013854253255749516	0.004433361041839845	0.04516486561374342	0.022166805209199225	0.0033250207813798837	0.006927126627874758	0.02881684677195899	0.016070933776669436	0.0019395954558049321	0.006650041562759767	0.020781379883624274	0.012468827930174564	0.0013854253255749516	0.004156275976724855	0.0	0.021612635078969242	0.0	0.006927126627874758	0.02826267664172901	0.014131338320864505	0.0019395954558049321	0.005818786367414797	0.026045996120809087	0.004710446106954835	0.0019395954558049321	0.0019395954558049321	0.039623164311443616	0.03657522859517872	0.0016625103906899418	0.019118869492934332
0.022443890274314215	0.023829315599889166	0.0011083402604599613	0.012191742865059573	0.05541701302299806	0.025768911055694097	0.0036021058464948737	0.010806317539484621	0.0	0.01856469936270435	0.0	0.005818786367414797	0.041285674702133554	0.05320033250207814	0.0022166805209199226	0.02687725131615406	0.023829315599889166	0.022720975339429204	0.0019395954558049321	0.00831255195344971	0.031864782488223886	0.019395954558049322	0.002770850651149903	0.006650041562759767	0.006927126627874758	0.0072042116929897475	0.0005541701302299807	0.0033250207813798837	0.07924632862288723	0.03657522859517872	0.004156275976724855	0.01801052923247437	0.023275145469659187	0.011914657799944583	0.0013854253255749516	0.004433361041839845	0.04516486561374342	0.021889720144084236	0.003047935716264893	0.007481296758104738	0.02798559157661402	0.01634801884178443	0.002770850651149903	0.006372956497644777	0.020504294818509284	0.012191742865059573	0.0016625103906899418	0.004433361041839845	0.0	0.021889720144084236	0.0	0.006650041562759767	0.02826267664172901	0.014685508451094486	0.0016625103906899418	0.005541701302299806	0.025491825990579108	0.004710446106954835	0.0024937655860349127	0.0019395954558049321	0.04183984483236353	0.0371293987254087	0.0016625103906899418	0.01856469936270435
0.022166805209199225	0.022998060404544194	0.0013854253255749516	0.013022998060404543	0.05513992795788307	0.026045996120809087	0.0036021058464948737	0.010806317539484621	0.0	0.01884178442781934	0.0	0.005541701302299806	0.041285674702133554	0.05375450263230812	0.0022166805209199226	0.02632308118592408	0.024383485730119146	0.022443890274314215	0.0013854253255749516	0.008589637018564699	0.03214186755333887	0.01967303962316431	0.0024937655860349127	0.006372956497644777	0.006927126627874758	0.0077583818232197285	0.0005541701302299807	0.002770850651149903	0.0800775838182322	0.03574397339983375	0.0036021058464948737	0.01856469936270435	0.023275145469659187	0.011914657799944583	0.0013854253255749516	0.004433361041839845	0.044610695483513436	0.021889720144084236	0.0036021058464948737	0.007481296758104738	0.02798559157661402	0.01662510390689942	0.002770850651149903	0.006095871432529786	0.020781379883624274	0.012468827930174564	0.0013854253255749516	0.004156275976724855	0.0	0.021889720144084236	0.0	0.006650041562759767	0.02798559157661402	0.014131338320864505	0.0022166805209199226	0.005818786367414797	0.025768911055694097	0.004710446106954835	0.0022166805209199226	0.0019395954558049321	0.042116929897478526	0.03796065392075367	0.0013854253255749516	0.01773344416735938
0.022443890274314215	0.023829315599889166	0.0011083402604599613	0.012191742865059573	0.05513992795788307	0.02632308118592408	0.0036021058464948737	0.010529232474369632	0.0	0.01884178442781934	0.0	0.005541701302299806	0.04156275976724855	0.052923247436963146	0.0019395954558049321	0.02715433638126905	0.025214740925464118	0.022166805209199225	0.0005541701302299807	0.00886672208367969	0.03214186755333887	0.01884178442781934	0.0024937655860349127	0.0072042116929897475	0.007481296758104738	0.0072042116929897475	0.0	0.0033250207813798837	0.0828484344693821	0.03463563313937379	0.0038791909116098642	0.01856469936270435	0.023552230534774177	0.011637572734829594	0.0011083402604599613	0.004710446106954835	0.04516486561374342	0.022720975339429204	0.003047935716264893	0.006650041562759767	0.028539761706844	0.015793848711554447	0.0022166805209199226	0.006927126627874758	0.02022720975339429	0.011914657799944583	0.0016625103906899418	0.004987531172069825	0.0	0.021889720144084236	0.0	0.006650041562759767	0.02798559157661402	0.014131338320864505	0.0022166805209199226	0.005818786367414797	0.025768911055694097	0.004710446106954835	0.0022166805209199226	0.0019395954558049321	0.040177334441673596	0.03796065392075367	0.0013854253255749516	0.01773344416735938
0.022443890274314215	0.023275145469659187	0.0011083402604599613	0.012745912995289554	0.05458575782765309	0.026045996120809087	0.0036021058464948737	0.011360487669714602	0.0	0.01856469936270435	0.0	0.005818786367414797	0.04183984483236353	0.05375450263230812	0.0016625103906899418	0.02632308118592408	0.025214740925464118	0.022166805209199225	0.0005541701302299807	0.00886672208367969	0.03269603768356886	0.01828761429758936	0.0022166805209199226	0.007481296758104738	0.007481296758104738	0.0072042116929897475	0.0	0.0033250207813798837	0.08229426433915212	0.034912718204488775	0.004156275976724855	0.01773344416735938	0.023829315599889166	0.011637572734829594	0.0008312551953449709	0.004710446106954835	0.044610695483513436	0.023275145469659187	0.0036021058464948737	0.006095871432529786	0.02881684677195899	0.015793848711554447	0.0019395954558049321	0.006927126627874758	0.019395954558049322	0.012191742865059573	0.0024937655860349127	0.004710446106954835	0.0	0.021889720144084236	0.0	0.006650041562759767	0.02770850651149903	0.014685508451094486	0.0024937655860349127	0.005264616237184816	0.025768911055694097	0.004710446106954835	0.0022166805209199226	0.0019395954558049321	0.040177334441673596	0.03768356885563868	0.0022166805209199226	0.01801052923247437
0.022443890274314215	0.023552230534774177	0.0011083402604599613	0.012468827930174564	0.053477417567193125	0.025768911055694097	0.004433361041839845	0.011914657799944583	0.0	0.01856469936270435	0.0	0.005818786367414797	0.04183984483236353	0.05403158769742311	0.0016625103906899418	0.026045996120809087	0.02493765586034913	0.021889720144084236	0.0008312551953449709	0.00914380714879468	0.03269603768356886	0.01828761429758936	0.0022166805209199226	0.007481296758104738	0.007481296758104738	0.0072042116929897475	0.0	0.0033250207813798837	0.0800775838182322	0.034912718204488775	0.005264616237184816	0.01801052923247437	0.023829315599889166	0.011637572734829594	0.0008312551953449709	0.004710446106954835	0.04377944028816847	0.023829315599889166	0.004156275976724855	0.005818786367414797	0.029093931837073983	0.015793848711554447	0.0016625103906899418	0.006927126627874758	0.0199501246882793	0.012191742865059573	0.0019395954558049321	0.004710446106954835	0.0	0.021058464948739263	0.0	0.007481296758104738	0.02770850651149903	0.014408423385979495	0.0024937655860349127	0.005541701302299806	0.025491825990579108	0.004710446106954835	0.0024937655860349127	0.0019395954558049321	0.04100858963701857	0.0371293987254087	0.0022166805209199226	0.01856469936270435
0.022166805209199225	0.023552230534774177	0.0013854253255749516	0.012468827930174564	0.05375450263230812	0.025491825990579108	0.0038791909116098642	0.012468827930174564	0.0	0.01828761429758936	0.0	0.006095871432529786	0.041285674702133554	0.053477417567193125	0.0022166805209199226	0.02660016625103907	0.024660570795234135	0.021889720144084236	0.0011083402604599613	0.00914380714879468	0.032973122748683845	0.01801052923247437	0.0019395954558049321	0.0077583818232197285	0.007481296758104738	0.0072042116929897475	0.0	0.0033250207813798837	0.08063175394846218	0.03574397339983375	0.004433361041839845	0.01690218897201441	0.023552230534774177	0.011914657799944583	0.0011083402604599613	0.004433361041839845	0.04377944028816847	0.023829315599889166	0.004156275976724855	0.005818786367414797	0.029925187032418952	0.015516763646439457	0.0011083402604599613	0.006927126627874758	0.02022720975339429	0.012468827930174564	0.0016625103906899418	0.004433361041839845	0.0	0.020781379883624274	0.0	0.0077583818232197285	0.02798559157661402	0.014408423385979495	0.0022166805209199226	0.005541701302299806	0.024660570795234135	0.004433361041839845	0.0033250207813798837	0.0022166805209199226	0.04183984483236353	0.03685231366029371	0.0019395954558049321	0.01884178442781934
0.022720975339429204	0.022998060404544194	0.0008312551953449709	0.013022998060404543	0.053477417567193125	0.024660570795234135	0.0036021058464948737	0.013854253255749516	0.0	0.019118869492934332	0.0	0.005264616237184816	0.041285674702133554	0.05458575782765309	0.0022166805209199226	0.025491825990579108	0.024383485730119146	0.022166805209199225	0.0013854253255749516	0.00886672208367969	0.032973122748683845	0.01828761429758936	0.0019395954558049321	0.007481296758104738	0.007481296758104738	0.007481296758104738	0.0	0.003047935716264893	0.0798004987531172	0.03518980326960377	0.004987531172069825	0.01690218897201441	0.023552230534774177	0.012191742865059573	0.0011083402604599613	0.004156275976724855	0.04350235522305348	0.022998060404544194	0.004433361041839845	0.006650041562759767	0.029648101967303962	0.016070933776669436	0.0013854253255749516	0.006372956497644777	0.02022720975339429	0.012468827930174564	0.0016625103906899418	0.004433361041839845	0.0	0.020504294818509284	0.0	0.008035466888334718	0.02743142144638404	0.014131338320864505	0.003047935716264893	0.005541701302299806	0.024660570795234135	0.004433361041839845	0.0033250207813798837	0.0022166805209199226	0.04239401496259352	0.0371293987254087	0.0022166805209199226	0.01856469936270435
0.022443890274314215	0.023275145469659187	0.0011083402604599613	0.012745912995289554	0.052923247436963146	0.024383485730119146	0.0033250207813798837	0.014962593516209476	0.0	0.01801052923247437	0.0	0.006372956497644777	0.04156275976724855	0.05458575782765309	0.0019395954558049321	0.025491825990579108	0.024106400665004156	0.022443890274314215	0.0016625103906899418	0.008589637018564699	0.033527292878913824	0.01884178442781934	0.0013854253255749516	0.006927126627874758	0.007481296758104738	0.0072042116929897475	0.0	0.0033250207813798837	0.08035466888334719	0.03574397339983375	0.004156275976724855	0.01634801884178443	0.023275145469659187	0.012191742865059573	0.0013854253255749516	0.004156275976724855	0.04350235522305348	0.022166805209199225	0.004433361041839845	0.007481296758104738	0.029925187032418952	0.01662510390689942	0.0011083402604599613	0.005818786367414797	0.020504294818509284	0.012191742865059573	0.0013854253255749516	0.004710446106954835	0.0	0.020504294818509284	0.0	0.008035466888334718	0.02826267664172901	0.014131338320864505	0.0022166805209199226	0.005541701302299806	0.025491825990579108	0.004156275976724855	0.0024937655860349127	0.0024937655860349127	0.04183984483236353	0.038237738985868665	0.003047935716264893	0.017456359102244388
0.022443890274314215	0.022998060404544194	0.0011083402604599613	0.013022998060404543	0.05264616237184816	0.024106400665004156	0.0038791909116098642	0.014962593516209476	0.0	0.01856469936270435	0.0	0.005818786367414797	0.04156275976724855	0.05513992795788307	0.0019395954558049321	0.02493765586034913	0.024383485730119146	0.022166805209199225	0.0013854253255749516	0.00886672208367969	0.03325020781379884	0.019395954558049322	0.0016625103906899418	0.006372956497644777	0.007481296758104738	0.0072042116929897475	0.0	0.0033250207813798837	0.08174009420892214	0.03602105846494874	0.0038791909116098642	0.015793848711554447	0.023275145469659187	0.011914657799944583	0.0013854253255749516	0.004433361041839845	0.04350235522305348	0.022166805209199225	0.004156275976724855	0.0077583818232197285	0.029648101967303962	0.01690218897201441	0.0013854253255749516	0.005541701302299806	0.02022720975339429	0.012191742865059573	0.0013854253255749516	0.004987531172069825	0.0	0.02022720975339429	0.0	0.00831255195344971	0.02798559157661402	0.014408423385979495	0.0024937655860349127	0.005264616237184816	0.025214740925464118	0.004433361041839845	0.002770850651149903	0.0022166805209199226	0.040731504571903575	0.038237738985868665	0.0033250207813798837	0.017456359102244388
0.022443890274314215	0.023275145469659187	0.0011083402604599613	0.012745912995289554	0.052923247436963146	0.024660570795234135	0.0036021058464948737	0.014408423385979495	0.0	0.01828761429758936	0.0	0.006095871432529786	0.04100858963701857	0.05541701302299806	0.0024937655860349127	0.024660570795234135	0.024106400665004156	0.021612635078969242	0.0016625103906899418	0.00942089221390967	0.03325020781379884	0.019118869492934332	0.0016625103906899418	0.006650041562759767	0.007481296758104738	0.0072042116929897475	0.0	0.0033250207813798837	0.0798004987531172	0.03657522859517872	0.0033250207813798837	0.015239678581324467	0.023275145469659187	0.011914657799944583	0.0013854253255749516	0.004433361041839845	0.0429481850928235	0.022166805209199225	0.004710446106954835	0.0077583818232197285	0.029925187032418952	0.01690218897201441	0.0011083402604599613	0.005541701302299806	0.0199501246882793	0.011637572734829594	0.0016625103906899418	0.005541701302299806	0.0	0.02022720975339429	0.0	0.00831255195344971	0.02743142144638404	0.014131338320864505	0.003047935716264893	0.005541701302299806	0.025768911055694097	0.004710446106954835	0.0022166805209199226	0.0019395954558049321	0.04239401496259352	0.03851482405098365	0.004156275976724855	0.017179274037129398
0.021889720144084236	0.023829315599889166	0.0016625103906899418	0.012191742865059573	0.052091992241618174	0.024660570795234135	0.004710446106954835	0.014131338320864505	0.0	0.01828761429758936	0.0	0.006095871432529786	0.04045441950678858	0.05597118315322804	0.003047935716264893	0.024106400665004156	0.024383485730119146	0.021058464948739263	0.0013854253255749516	0.00997506234413965	0.03325020781379884	0.01856469936270435	0.0019395954558049321	0.006927126627874758	0.0077583818232197285	0.006650041562759767	0.0	0.0036021058464948737	0.0800775838182322	0.03740648379052369	0.003047935716264893	0.014685508451094486	0.023275145469659187	0.011914657799944583	0.0013854253255749516	0.004433361041839845	0.04377944028816847	0.021335550013854253	0.0038791909116098642	0.008589637018564699	0.03020227209753394	0.017179274037129398	0.0008312551953449709	0.005264616237184816	0.0199501246882793	0.011637572734829594	0.0019395954558049321	0.005264616237184816	0.0	0.0199501246882793	0.0	0.008589637018564699	0.02743142144638404	0.013854253255749516	0.003047935716264893	0.005818786367414797	0.02632308118592408	0.004710446106954835	0.0016625103906899418	0.0019395954558049321	0.04239401496259352	0.038237738985868665	0.0038791909116098642	0.017456359102244388
0.022166805209199225	0.024106400665004156	0.0013854253255749516	0.011914657799944583	0.052091992241618174	0.025214740925464118	0.004987531172069825	0.013300083125519535	0.0	0.01828761429758936	0.0	0.006095871432529786	0.040177334441673596	0.05624826821834303	0.0033250207813798837	0.023829315599889166	0.024383485730119146	0.020781379883624274	0.0013854253255749516	0.010252147409254642	0.032973122748683845	0.01884178442781934	0.0019395954558049321	0.006927126627874758	0.0077583818232197285	0.006372956497644777	0.0	0.0038791909116098642	0.07924632862288723	0.03796065392075367	0.0033250207813798837	0.014131338320864505	0.023275145469659187	0.011914657799944583	0.0013854253255749516	0.004433361041839845	0.044610695483513436	0.021612635078969242	0.002770850651149903	0.008589637018564699	0.03020227209753394	0.01690218897201441	0.0011083402604599613	0.005264616237184816	0.019395954558049322	0.011360487669714602	0.0022166805209199226	0.005818786367414797	0.0	0.02022720975339429	0.0	0.00831255195344971	0.02770850651149903	0.013854253255749516	0.002770850651149903	0.005818786367414797	0.02660016625103907	0.004433361041839845	0.0013854253255749516	0.0022166805209199226	0.04350235522305348	0.038791909116098644	0.0033250207813798837	0.01690218897201441
0.022166805209199225	0.024660570795234135	0.0013854253255749516	0.011360487669714602	0.052923247436963146	0.02687725131615406	0.004433361041839845	0.011360487669714602	0.0	0.01801052923247437	0.0	0.006372956497644777	0.04045441950678858	0.05541701302299806	0.003047935716264893	0.024660570795234135	0.024383485730119146	0.021058464948739263	0.0013854253255749516	0.00997506234413965	0.032418952618453865	0.01884178442781934	0.0022166805209199226	0.0072042116929897475	0.0077583818232197285	0.006372956497644777	0.0	0.0038791909116098642	0.07758381823219729	0.03740648379052369	0.004433361041839845	0.014131338320864505	0.023552230534774177	0.011914657799944583	0.0011083402604599613	0.004433361041839845	0.04516486561374342	0.021612635078969242	0.0022166805209199226	0.008589637018564699	0.029648101967303962	0.017456359102244388	0.0013854253255749516	0.004987531172069825	0.019395954558049322	0.010806317539484621	0.0024937655860349127	0.006095871432529786	0.0	0.0199501246882793	0.0	0.008589637018564699	0.02743142144638404	0.013854253255749516	0.003047935716264893	0.005818786367414797	0.02632308118592408	0.004710446106954835	0.0016625103906899418	0.0019395954558049321	0.04544195067885841	0.038791909116098644	0.0024937655860349127	0.01690218897201441
0.022443890274314215	0.024660570795234135	0.0011083402604599613	0.011360487669714602	0.05320033250207814	0.02687725131615406	0.004156275976724855	0.011360487669714602	0.0	0.01828761429758936	0.0	0.006095871432529786	0.040731504571903575	0.05458575782765309	0.002770850651149903	0.025491825990579108	0.024383485730119146	0.021889720144084236	0.0013854253255749516	0.00914380714879468	0.03269603768356886	0.01856469936270435	0.0024937655860349127	0.006927126627874758	0.0077583818232197285	0.006372956497644777	0.0	0.0038791909116098642	0.07647547797173733	0.03796065392075367	0.005541701302299806	0.013300083125519535	0.023829315599889166	0.011914657799944583	0.0008312551953449709	0.004433361041839845	0.04599612080908839	0.021335550013854253	0.0016625103906899418	0.008589637018564699	0.029648101967303962	0.017179274037129398	0.0013854253255749516	0.005264616237184816	0.01967303962316431	0.010252147409254642	0.0024937655860349127	0.006372956497644777	0.0	0.02022720975339429	0.0	0.00831255195344971	0.02687725131615406	0.014131338320864505	0.0036021058464948737	0.005541701302299806	0.02632308118592408	0.004710446106954835	0.0016625103906899418	0.0019395954558049321	0.04516486561374342	0.039623164311443616	0.003047935716264893	0.016070933776669436
0.021889720144084236	0.02493765586034913	0.0016625103906899418	0.011083402604599613	0.05403158769742311	0.02632308118592408	0.0036021058464948737	0.011637572734829594	0.0	0.01828761429758936	0.0	0.006095871432529786	0.040731504571903575	0.05458575782765309	0.002770850651149903	0.025491825990579108	0.024383485730119146	0.021889720144084236	0.0013854253255749516	0.00914380714879468	0.033527292878913824	0.01773344416735938	0.0022166805209199226	0.0072042116929897475	0.0077583818232197285	0.006372956497644777	0.0	0.0038791909116098642	0.0770296481019673	0.03685231366029371	0.004987531172069825	0.014685508451094486	0.023552230534774177	0.011083402604599613	0.0011083402604599613	0.005264616237184816	0.04627320587420338	0.021335550013854253	0.0013854253255749516	0.008589637018564699	0.029925187032418952	0.01690218897201441	0.0011083402604599613	0.005541701302299806	0.019118869492934332	0.010252147409254642	0.002770850651149903	0.006650041562759767	0.0	0.02022720975339429	0.0	0.00831255195344971	0.02770850651149903	0.013577168190634524	0.0033250207813798837	0.005541701302299806	0.02632308118592408	0.004710446106954835	0.0016625103906899418	0.0019395954558049321	0.04544195067885841	0.03934607924632862	0.0024937655860349127	0.01634801884178443
0.021612635078969242	0.024660570795234135	0.0019395954558049321	0.011360487669714602	0.05486284289276808	0.02632308118592408	0.002770850651149903	0.011637572734829594	0.0	0.01828761429758936	0.0	0.006095871432529786	0.041285674702133554	0.053477417567193125	0.0022166805209199226	0.02660016625103907	0.024106400665004156	0.020781379883624274	0.0016625103906899418	0.010252147409254642	0.033527292878913824	0.01773344416735938	0.0024937655860349127	0.006927126627874758	0.008035466888334718	0.006095871432529786	0.0	0.0038791909116098642	0.07758381823219729	0.03685231366029371	0.005264616237184816	0.014685508451094486	0.023275145469659187	0.011360487669714602	0.0013854253255749516	0.004987531172069825	0.04599612080908839	0.021335550013854253	0.0013854253255749516	0.00886672208367969	0.029925187032418952	0.01662510390689942	0.0011083402604599613	0.005818786367414797	0.01884178442781934	0.010252147409254642	0.003047935716264893	0.006650041562759767	0.0	0.01967303962316431	0.0	0.00886672208367969	0.02770850651149903	0.013854253255749516	0.0033250207813798837	0.005264616237184816	0.026045996120809087	0.004710446106954835	0.0019395954558049321	0.0019395954558049321	0.04405652535328346	0.03851482405098365	0.003047935716264893	0.017179274037129398
0.021335550013854253	0.023552230534774177	0.0022166805209199226	0.012468827930174564	0.053477417567193125	0.02660016625103907	0.0033250207813798837	0.012191742865059573	0.0	0.01773344416735938	0.0	0.006650041562759767	0.04183984483236353	0.052923247436963146	0.0016625103906899418	0.02715433638126905	0.024383485730119146	0.021335550013854253	0.0013854253255749516	0.009697977279024661	0.033527292878913824	0.017179274037129398	0.0024937655860349127	0.007481296758104738	0.008035466888334718	0.006650041562759767	0.0	0.0033250207813798837	0.0770296481019673	0.03685231366029371	0.005264616237184816	0.014962593516209476	0.022998060404544194	0.011914657799944583	0.0016625103906899418	0.004433361041839845	0.04627320587420338	0.020781379883624274	0.0013854253255749516	0.00914380714879468	0.029925187032418952	0.01662510390689942	0.0011083402604599613	0.005818786367414797	0.019395954558049322	0.010529232474369632	0.0024937655860349127	0.006372956497644777	0.0	0.020781379883624274	0.0	0.0077583818232197285	0.02715433638126905	0.013854253255749516	0.0038791909116098642	0.005264616237184816	0.025768911055694097	0.004156275976724855	0.0022166805209199226	0.0024937655860349127	0.04544195067885841	0.03851482405098365	0.0019395954558049321	0.017179274037129398
0.021058464948739263	0.023829315599889166	0.0024937655860349127	0.012191742865059573	0.052923247436963146	0.02632308118592408	0.0036021058464948737	0.012745912995289554	0.0	0.01801052923247437	0.0	0.006372956497644777	0.042116929897478526	0.052923247436963146	0.0013854253255749516	0.02715433638126905	0.024383485730119146	0.021335550013854253	0.0013854253255749516	0.009697977279024661	0.03408146300914381	0.017456359102244388	0.0019395954558049321	0.0072042116929897475	0.00831255195344971	0.006372956497644777	0.0	0.0033250207813798837	0.07896924355777224	0.03740648379052369	0.004987531172069825	0.014131338320864505	0.022720975339429204	0.012191742865059573	0.0019395954558049321	0.004156275976724855	0.04710446106954835	0.0199501246882793	0.0005541701302299807	0.00997506234413965	0.02881684677195899	0.01690218897201441	0.0019395954558049321	0.005818786367414797	0.019118869492934332	0.010529232474369632	0.002770850651149903	0.006372956497644777	0.0	0.0199501246882793	0.0	0.008589637018564699	0.02687725131615406	0.013854253255749516	0.0038791909116098642	0.005541701302299806	0.025491825990579108	0.004156275976724855	0.0024937655860349127	0.0024937655860349127	0.04377944028816847	0.03851482405098365	0.0022166805209199226	0.017179274037129398
0.020781379883624274	0.025214740925464118	0.002770850651149903	0.010806317539484621	0.05264616237184816	0.02660016625103907	0.0036021058464948737	0.012745912995289554	0.0	0.01828761429758936	0.0	0.006095871432529786	0.04156275976724855	0.05236907730673317	0.0019395954558049321	0.02770850651149903	0.024383485730119146	0.021335550013854253	0.0013854253255749516	0.009697977279024661	0.03380437794402882	0.01662510390689942	0.0022166805209199226	0.008035466888334718	0.008589637018564699	0.006095871432529786	0.0	0.0033250207813798837	0.07924632862288723	0.03685231366029371	0.005264616237184816	0.014685508451094486	0.022720975339429204	0.011637572734829594	0.0019395954558049321	0.004710446106954835	0.04682737600443336	0.019395954558049322	0.0013854253255749516	0.00997506234413965	0.028539761706844	0.017179274037129398	0.0022166805209199226	0.005541701302299806	0.019395954558049322	0.010529232474369632	0.0024937655860349127	0.006372956497644777	0.0	0.019118869492934332	0.0	0.00942089221390967	0.02715433638126905	0.013854253255749516	0.0036021058464948737	0.005541701302299806	0.02632308118592408	0.004156275976724855	0.0016625103906899418	0.0024937655860349127	0.04350235522305348	0.03768356885563868	0.0019395954558049321	0.01801052923247437
0.020781379883624274	0.024660570795234135	0.002770850651149903	0.011360487669714602	0.052091992241618174	0.02770850651149903	0.004156275976724855	0.011637572734829594	0.0	0.01856469936270435	0.0	0.005818786367414797	0.04156275976724855	0.05236907730673317	0.0019395954558049321	0.02770850651149903	0.024106400665004156	0.021335550013854253	0.0016625103906899418	0.009697977279024661	0.033527292878913824	0.01634801884178443	0.0024937655860349127	0.00831255195344971	0.008589637018564699	0.005818786367414797	0.0	0.0036021058464948737	0.0800775838182322	0.03546688833471876	0.004710446106954835	0.015793848711554447	0.022998060404544194	0.011637572734829594	0.0016625103906899418	0.004710446106954835	0.04710446106954835	0.019118869492934332	0.0013854253255749516	0.00997506234413965	0.02881684677195899	0.01690218897201441	0.0019395954558049321	0.005818786367414797	0.01967303962316431	0.010806317539484621	0.0022166805209199226	0.006095871432529786	0.0	0.01967303962316431	0.0	0.00886672208367969	0.02715433638126905	0.014131338320864505	0.0036021058464948737	0.005264616237184816	0.02687725131615406	0.0038791909116098642	0.0011083402604599613	0.002770850651149903	0.043225270157938485	0.03768356885563868	0.0022166805209199226	0.01801052923247437
0.021058464948739263	0.025491825990579108	0.0024937655860349127	0.010529232474369632	0.05264616237184816	0.02770850651149903	0.0036021058464948737	0.011637572734829594	0.0	0.01884178442781934	0.0	0.005541701302299806	0.04156275976724855	0.052923247436963146	0.0019395954558049321	0.02715433638126905	0.023829315599889166	0.021335550013854253	0.0019395954558049321	0.009697977279024661	0.033527292878913824	0.01634801884178443	0.0024937655860349127	0.00831255195344971	0.008035466888334718	0.006372956497644777	0.0002770850651149903	0.0033250207813798837	0.07896924355777224	0.03463563313937379	0.005264616237184816	0.01634801884178443	0.023275145469659187	0.011914657799944583	0.0013854253255749516	0.004433361041839845	0.0457190357439734	0.01828761429758936	0.0024937655860349127	0.011083402604599613	0.02881684677195899	0.016070933776669436	0.0019395954558049321	0.006650041562759767	0.02022720975339429	0.010806317539484621	0.0016625103906899418	0.006095871432529786	0.0	0.01884178442781934	0.0	0.009697977279024661	0.02687725131615406	0.014131338320864505	0.0036021058464948737	0.005541701302299806	0.02715433638126905	0.0038791909116098642	0.0008312551953449709	0.002770850651149903	0.04377944028816847	0.03851482405098365	0.0024937655860349127	0.017179274037129398
0.021058464948739263	0.025214740925464118	0.0024937655860349127	0.010806317539484621	0.052923247436963146	0.02715433638126905	0.0036021058464948737	0.011914657799944583	0.0	0.01828761429758936	0.0	0.006095871432529786	0.04156275976724855	0.052923247436963146	0.0019395954558049321	0.02715433638126905	0.024660570795234135	0.020781379883624274	0.0011083402604599613	0.010252147409254642	0.03325020781379884	0.01634801884178443	0.0024937655860349127	0.008589637018564699	0.008035466888334718	0.006095871432529786	0.0002770850651149903	0.0036021058464948737	0.08146300914380715	0.03463563313937379	0.004710446106954835	0.015516763646439457	0.023275145469659187	0.011914657799944583	0.0013854253255749516	0.004433361041839845	0.04488778054862843	0.019395954558049322	0.002770850651149903	0.010529232474369632	0.029093931837073983	0.01662510390689942	0.0016625103906899418	0.006095871432529786	0.0199501246882793	0.010806317539484621	0.0019395954558049321	0.006095871432529786	0.0	0.019395954558049322	0.0	0.00914380714879468	0.02687725131615406	0.013577168190634524	0.0033250207813798837	0.006372956497644777	0.02687725131615406	0.004433361041839845	0.0011083402604599613	0.0022166805209199226	0.042671100027708506	0.038791909116098644	0.0024937655860349127	0.01690218897201441
0.021335550013854253	0.024660570795234135	0.0022166805209199226	0.011360487669714602	0.05320033250207814	0.02770850651149903	0.0036021058464948737	0.011083402604599613	0.0	0.01856469936270435	0.0	0.005818786367414797	0.04183984483236353	0.05126073704627321	0.0016625103906899418	0.02881684677195899	0.02493765586034913	0.020504294818509284	0.0008312551953449709	0.010529232474369632	0.032973122748683845	0.015793848711554447	0.002770850651149903	0.00914380714879468	0.008035466888334718	0.006650041562759767	0.0	0.0033250207813798837	0.08118592407869216	0.03463563313937379	0.004987531172069825	0.015516763646439457	0.023275145469659187	0.012191742865059573	0.0013854253255749516	0.004156275976724855	0.04488778054862843	0.019395954558049322	0.002770850651149903	0.010529232474369632	0.029093931837073983	0.01662510390689942	0.0011083402604599613	0.006650041562759767	0.0199501246882793	0.010806317539484621	0.0019395954558049321	0.006095871432529786	0.0	0.019118869492934332	0.0	0.00942089221390967	0.02743142144638404	0.013022998060404543	0.002770850651149903	0.006927126627874758	0.02687725131615406	0.004433361041839845	0.0011083402604599613	0.0022166805209199226	0.04350235522305348	0.039623164311443616	0.0016625103906899418	0.016070933776669436
0.021058464948739263	0.025491825990579108	0.0024937655860349127	0.010529232474369632	0.05236907730673317	0.028539761706844	0.004433361041839845	0.010252147409254642	0.0	0.01884178442781934	0.0	0.005541701302299806	0.04156275976724855	0.050983651981158215	0.0019395954558049321	0.029093931837073983	0.02493765586034913	0.02022720975339429	0.0008312551953449709	0.010806317539484621	0.032973122748683845	0.015793848711554447	0.002770850651149903	0.00914380714879468	0.008035466888334718	0.006372956497644777	0.0	0.0036021058464948737	0.08146300914380715	0.034912718204488775	0.006095871432529786	0.015239678581324467	0.022443890274314215	0.011914657799944583	0.0022166805209199226	0.004433361041839845	0.0457190357439734	0.019118869492934332	0.0019395954558049321	0.010806317539484621	0.029093931837073983	0.017179274037129398	0.0011083402604599613	0.006095871432529786	0.01967303962316431	0.011083402604599613	0.0022166805209199226	0.005818786367414797	0.0	0.01884178442781934	0.0	0.009697977279024661	0.02743142144638404	0.013022998060404543	0.0024937655860349127	0.0072042116929897475	0.02715433638126905	0.004433361041839845	0.0008312551953449709	0.0022166805209199226	0.042116929897478526	0.039623164311443616	0.0016625103906899418	0.016070933776669436
0.021612635078969242	0.02493765586034913	0.0019395954558049321	0.011083402604599613	0.05375450263230812	0.028539761706844	0.0033250207813798837	0.00997506234413965	0.0	0.01828761429758936	0.0	0.006095871432529786	0.041285674702133554	0.051537822111388194	0.0022166805209199226	0.028539761706844	0.02493765586034913	0.02022720975339429	0.0008312551953449709	0.010806317539484621	0.03325020781379884	0.015516763646439457	0.0024937655860349127	0.00942089221390967	0.008035466888334718	0.006650041562759767	0.0	0.0033250207813798837	0.0828484344693821	0.03408146300914381	0.005264616237184816	0.016070933776669436	0.022720975339429204	0.011914657799944583	0.0019395954558049321	0.004433361041839845	0.04544195067885841	0.01884178442781934	0.0022166805209199226	0.011083402604599613	0.029371016902188973	0.017179274037129398	0.0011083402604599613	0.005818786367414797	0.02022720975339429	0.010806317539484621	0.0019395954558049321	0.005818786367414797	0.0	0.01828761429758936	0.0	0.010252147409254642	0.02798559157661402	0.012468827930174564	0.0022166805209199226	0.007481296758104738	0.02687725131615406	0.004433361041839845	0.0011083402604599613	0.0022166805209199226	0.04156275976724855	0.040177334441673596	0.0016625103906899418	0.015516763646439457
0.021058464948739263	0.024660570795234135	0.0024937655860349127	0.011360487669714602	0.05375450263230812	0.029093931837073983	0.003047935716264893	0.009697977279024661	0.0	0.01828761429758936	0.0	0.006095871432529786	0.041285674702133554	0.05375450263230812	0.0022166805209199226	0.02632308118592408	0.025214740925464118	0.02022720975339429	0.0005541701302299807	0.010806317539484621	0.03380437794402882	0.015793848711554447	0.0019395954558049321	0.00914380714879468	0.0077583818232197285	0.006650041562759767	0.0002770850651149903	0.0033250207813798837	0.08423385979495705	0.03325020781379884	0.004156275976724855	0.01690218897201441	0.022720975339429204	0.012191742865059573	0.0019395954558049321	0.004156275976724855	0.04599612080908839	0.01828761429758936	0.0016625103906899418	0.011637572734829594	0.02881684677195899	0.017456359102244388	0.0013854253255749516	0.005818786367414797	0.020781379883624274	0.010806317539484621	0.0016625103906899418	0.005541701302299806	0.0	0.01884178442781934	0.0	0.009697977279024661	0.02770850651149903	0.012745912995289554	0.003047935716264893	0.006650041562759767	0.02632308118592408	0.004433361041839845	0.0016625103906899418	0.0022166805209199226	0.04156275976724855	0.0399002493765586	0.0013854253255749516	0.015793848711554447
0.021612635078969242	0.024383485730119146	0.0019395954558049321	0.011637572734829594	0.053477417567193125	0.02770850651149903	0.0036021058464948737	0.010806317539484621	0.0	0.01801052923247437	0.0	0.006372956497644777	0.041285674702133554	0.0543086727625381	0.0022166805209199226	0.025768911055694097	0.024660570795234135	0.020504294818509284	0.0011083402604599613	0.010529232474369632	0.033527292878913824	0.016070933776669436	0.0022166805209199226	0.00886672208367969	0.0077583818232197285	0.006650041562759767	0.0002770850651149903	0.0033250207813798837	0.08340260459961209	0.03380437794402882	0.004710446106954835	0.01634801884178443	0.022443890274314215	0.011914657799944583	0.0022166805209199226	0.004433361041839845	0.0457190357439734	0.01773344416735938	0.0019395954558049321	0.012191742865059573	0.029093931837073983	0.01773344416735938	0.0008312551953449709	0.005818786367414797	0.020781379883624274	0.010806317539484621	0.0016625103906899418	0.005541701302299806	0.0	0.01884178442781934	0.0	0.009697977279024661	0.02770850651149903	0.012191742865059573	0.003047935716264893	0.0072042116929897475	0.026045996120809087	0.004433361041839845	0.0019395954558049321	0.0022166805209199226	0.04183984483236353	0.03851482405098365	0.0013854253255749516	0.017179274037129398
