AAA	AAC	AAG	AAT	ACA	ACC	ACG	ACT	AGA	AGC	AGG	AGT	ATA	ATC	ATG	ATT	CAA	CAC	CAG	CAT	CCA	CCC	CCG	CCT	CGA	CGC	CGG	CGT	CTA	CTC	CTG	CTT	GAA	GAC	GAG	GAT	GCA	GCC	GCG	GCT	GGA	GGC	GGG	GGT	GTA	GTC	GTG	GTT	TAA	TAC	TAG	TAT	TCA	TCC	TCG	TCT	TGA	TGC	TGG	TGT	TTA	TTC	TTG	TTT
0.01896792189679219	0.019525801952580198	0.002510460251046025	0.013668061366806136	0.02817294281729428	0.028730822873082287	0.003626220362622037	0.018688981868898183	0.0	0.008926080892608091	0.0	0.0044630404463040455	0.029567642956764294	0.03682008368200837	0.014504881450488148	0.04769874476987448	0.021757322175732216	0.019246861924686196	0.0013947001394700141	0.009205020920502092	0.015620641562064157	0.026220362622036263	0.0044630404463040455	0.010320781032078105	0.008926080892608091	0.006973500697350071	0.0013947001394700141	0.0030683403068340305	0.0407252440725244	0.04351464435146443	0.013389121338912131	0.03709902370990237	0.01813110181311018	0.015341701534170154	0.00502092050209205	0.00585774058577406	0.01896792189679219	0.0407252440725244	0.0022315202231520228	0.02370990237099024	0.012273361227336122	0.0200836820083682	0.012831241283124128	0.009762900976290095	0.015899581589958158	0.013947001394700141	0.0044630404463040455	0.014225941422594144	0.0	0.017852161785216182	0.0	0.012273361227336122	0.014783821478382147	0.021199442119944213	0.0041841004184100415	0.01813110181311018	0.021199442119944213	0.00585774058577406	0.006415620641562064	0.00195258019525802	0.026220362622036263	0.03626220362622036	0.005299860529986053	0.035704323570432364
0.012273361227336122	0.015620641562064157	0.009205020920502092	0.017573221757322177	0.017573221757322177	0.01896792189679219	0.0198047419804742	0.02287308228730823	0.0	0.011436541143654114	0.0	0.013110181311018132	0.020641562064156207	0.0401673640167364	0.023430962343096235	0.04435146443514645	0.011157601115760111	0.013110181311018132	0.01199442119944212	0.015341701534170154	0.012552301255230125	0.013110181311018132	0.016178521617852163	0.014783821478382147	0.004741980474198048	0.0041841004184100415	0.005857740585774059	0.005578800557880056	0.026778242677824266	0.03291492329149233	0.026220362622036263	0.031799163179916316	0.011436541143654114	0.013110181311018132	0.011715481171548118	0.008089260808926082	0.024546722454672244	0.021478382147838215	0.019246861924686193	0.020362622036262202	0.01199442119944212	0.013668061366806136	0.013110181311018132	0.016178521617852163	0.013110181311018132	0.011715481171548118	0.012831241283124128	0.010878661087866108	0.0	0.01506276150627615	0.0	0.01506276150627615	0.010320781032078103	0.010878661087866108	0.014504881450488146	0.011436541143654114	0.016178521617852163	0.003905160390516039	0.011436541143654114	0.003905160390516039	0.019525801952580194	0.03709902370990237	0.02900976290097629	0.03486750348675035
0.012831241283124128	0.014783821478382147	0.008647140864714086	0.018410041841004185	0.018410041841004185	0.021757322175732216	0.01701534170153417	0.02203626220362622	0.0	0.011715481171548118	0.0	0.012831241283124128	0.021478382147838215	0.04100418410041841	0.022594142259414227	0.04351464435146443	0.011436541143654114	0.013110181311018132	0.011715481171548118	0.015341701534170154	0.012552301255230125	0.013389121338912133	0.016178521617852163	0.014504881450488146	0.004463040446304045	0.0041841004184100415	0.005857740585774059	0.005857740585774059	0.026499302649930265	0.03486750348675035	0.02482566248256625	0.03152022315202232	0.011157601115760111	0.013389121338912133	0.01199442119944212	0.007810320781032078	0.024546722454672244	0.024267782426778243	0.017573221757322177	0.019246861924686193	0.012831241283124128	0.014225941422594143	0.012273361227336122	0.015620641562064157	0.014225941422594143	0.01199442119944212	0.01199442119944212	0.010320781032078103	0.0	0.015899581589958158	0.0	0.014225941422594143	0.010599721059972107	0.011715481171548118	0.014225941422594143	0.010599721059972107	0.016457461645746164	0.003905160390516039	0.011157601115760111	0.003905160390516039	0.0198047419804742	0.03682008368200837	0.028730822873082287	0.035146443514644354
0.012831241283124128	0.015620641562064157	0.008647140864714086	0.017573221757322177	0.018410041841004185	0.021478382147838215	0.016178521617852163	0.02315202231520223	0.0	0.01199442119944212	0.0	0.012552301255230125	0.021478382147838215	0.042677824267782424	0.022594142259414227	0.04184100418410042	0.011436541143654114	0.013110181311018132	0.011715481171548118	0.015341701534170154	0.013389121338912133	0.014225941422594143	0.01506276150627615	0.01394700139470014	0.004741980474198048	0.004741980474198048	0.005299860529986053	0.005578800557880056	0.02705718270571827	0.03542538354253835	0.024546722454672244	0.031799163179916316	0.011157601115760111	0.013389121338912133	0.01199442119944212	0.007810320781032078	0.02510460251046025	0.02594142259414226	0.015620641562064157	0.01896792189679219	0.012552301255230125	0.014225941422594143	0.012273361227336122	0.015899581589958158	0.014504881450488146	0.012273361227336122	0.011715481171548118	0.0100418410041841	0.0	0.016736401673640166	0.0	0.013389121338912133	0.010599721059972107	0.012552301255230125	0.013110181311018132	0.010878661087866108	0.016457461645746164	0.0041841004184100415	0.011157601115760111	0.0036262203626220364	0.020641562064156207	0.03737796373779637	0.026778242677824266	0.034588563458856345
0.012831241283124128	0.015899581589958158	0.008647140864714086	0.017294281729428172	0.017294281729428172	0.023430962343096235	0.01506276150627615	0.023430962343096235	0.0	0.01199442119944212	0.0	0.012552301255230125	0.022594142259414227	0.04156206415620642	0.021478382147838215	0.04295676429567643	0.01199442119944212	0.013389121338912133	0.011157601115760111	0.01506276150627615	0.01394700139470014	0.014783821478382147	0.013668061366806136	0.014225941422594143	0.00502092050209205	0.00502092050209205	0.004741980474198048	0.005578800557880056	0.027615062761506277	0.036541143654114365	0.02398884239888424	0.031241283124128313	0.011157601115760111	0.013389121338912133	0.01199442119944212	0.007810320781032078	0.026220362622036263	0.02594142259414226	0.014225941422594143	0.019246861924686193	0.012273361227336122	0.014783821478382147	0.011436541143654114	0.016457461645746164	0.01506276150627615	0.012552301255230125	0.010878661087866108	0.0100418410041841	0.0	0.016736401673640166	0.0	0.013389121338912133	0.009762900976290097	0.013668061366806136	0.012831241283124128	0.010878661087866108	0.016457461645746164	0.0041841004184100415	0.011157601115760111	0.0036262203626220364	0.02092050209205021	0.03765690376569038	0.02594142259414226	0.03430962343096234
0.012831241283124128	0.016178521617852163	0.008647140864714086	0.01701534170153417	0.017573221757322177	0.023430962343096235	0.01506276150627615	0.02315202231520223	0.0	0.012273361227336122	0.0	0.012273361227336122	0.02315202231520223	0.04211994421199442	0.02092050209205021	0.042398884239888426	0.012552301255230125	0.01394700139470014	0.010599721059972107	0.014504881450488146	0.015341701534170154	0.014504881450488146	0.012273361227336122	0.014504881450488146	0.00502092050209205	0.005299860529986053	0.004463040446304045	0.005578800557880056	0.029288702928870293	0.03598326359832636	0.02398884239888424	0.030404463040446306	0.011436541143654114	0.013668061366806136	0.011715481171548118	0.007531380753138075	0.025662482566248257	0.026778242677824266	0.01394700139470014	0.019246861924686193	0.012552301255230125	0.015620641562064157	0.010320781032078103	0.016457461645746164	0.015620641562064157	0.012273361227336122	0.0100418410041841	0.010599721059972107	0.0	0.01701534170153417	0.0	0.013110181311018132	0.010599721059972107	0.013389121338912133	0.012273361227336122	0.010878661087866108	0.016736401673640166	0.0041841004184100415	0.010878661087866108	0.0036262203626220364	0.021478382147838215	0.03793584379358438	0.02510460251046025	0.03403068340306834
0.012831241283124128	0.015899581589958158	0.008647140864714086	0.017294281729428172	0.017294281729428172	0.02398884239888424	0.015341701534170154	0.022594142259414227	0.0	0.012831241283124128	0.0	0.011715481171548118	0.02315202231520223	0.04295676429567643	0.02092050209205021	0.04156206415620642	0.012552301255230125	0.014225941422594143	0.010599721059972107	0.014225941422594143	0.015341701534170154	0.015620641562064157	0.011436541143654114	0.014225941422594143	0.004463040446304045	0.005299860529986053	0.00502092050209205	0.005578800557880056	0.030404463040446306	0.03682008368200837	0.023709902370990237	0.0301255230125523	0.012273361227336122	0.013668061366806136	0.010878661087866108	0.007531380753138075	0.025662482566248257	0.027615062761506277	0.013389121338912133	0.01896792189679219	0.012273361227336122	0.016736401673640166	0.0100418410041841	0.015899581589958158	0.015899581589958158	0.013110181311018132	0.009483960948396096	0.0100418410041841	0.0	0.017294281729428172	0.0	0.012831241283124128	0.010599721059972107	0.013668061366806136	0.011715481171548118	0.011157601115760111	0.017294281729428172	0.0041841004184100415	0.010320781032078103	0.0036262203626220364	0.022315202231520222	0.03821478382147838	0.02287308228730823	0.03375174337517434
0.013110181311018132	0.015899581589958158	0.008368200836820083	0.017294281729428172	0.017294281729428172	0.024546722454672244	0.013668061366806136	0.023709902370990237	0.0	0.012831241283124128	0.0	0.011715481171548118	0.02287308228730823	0.04295676429567643	0.021199442119944213	0.04156206415620642	0.012273361227336122	0.014225941422594143	0.010878661087866108	0.014225941422594143	0.01506276150627615	0.01506276150627615	0.011436541143654114	0.01506276150627615	0.00502092050209205	0.00502092050209205	0.004741980474198048	0.005578800557880056	0.03096234309623431	0.03765690376569038	0.02315202231520223	0.0298465829846583	0.012273361227336122	0.01394700139470014	0.010878661087866108	0.007252440725244073	0.02510460251046025	0.028730822873082287	0.013110181311018132	0.018688981868898186	0.01199442119944212	0.017294281729428172	0.009205020920502092	0.016457461645746164	0.016457461645746164	0.012831241283124128	0.009483960948396096	0.009762900976290097	0.0	0.01813110181311018	0.0	0.01199442119944212	0.011715481171548118	0.01394700139470014	0.010878661087866108	0.010599721059972107	0.017294281729428172	0.0041841004184100415	0.010320781032078103	0.0036262203626220364	0.02315202231520223	0.03877266387726639	0.021478382147838215	0.033193863319386334
0.013110181311018132	0.015899581589958158	0.008368200836820083	0.017294281729428172	0.017573221757322177	0.026499302649930265	0.012831241283124128	0.022315202231520222	0.0	0.013668061366806136	0.0	0.010878661087866108	0.02287308228730823	0.04295676429567643	0.021199442119944213	0.04156206415620642	0.013110181311018132	0.01394700139470014	0.0100418410041841	0.014504881450488146	0.014783821478382147	0.015899581589958158	0.011157601115760111	0.014783821478382147	0.004463040446304045	0.005299860529986053	0.00502092050209205	0.005578800557880056	0.03207810320781032	0.03877266387726639	0.021478382147838215	0.0298465829846583	0.012552301255230125	0.014504881450488146	0.010599721059972107	0.0066945606694560665	0.02482566248256625	0.029288702928870293	0.013389121338912133	0.01813110181311018	0.011715481171548118	0.017573221757322177	0.009205020920502092	0.016457461645746164	0.015899581589958158	0.01394700139470014	0.009205020920502092	0.009483960948396096	0.0	0.017294281729428172	0.0	0.012831241283124128	0.011436541143654114	0.014783821478382147	0.010320781032078103	0.010599721059972107	0.017573221757322177	0.0041841004184100415	0.0100418410041841	0.0036262203626220364	0.023430962343096235	0.03933054393305439	0.020641562064156207	0.032635983263598324
0.01394700139470014	0.015620641562064157	0.007531380753138075	0.017573221757322177	0.017573221757322177	0.02705718270571827	0.012831241283124128	0.021757322175732216	0.0	0.01394700139470014	0.0	0.010599721059972107	0.023709902370990237	0.04490934449093445	0.020362622036262202	0.0396094839609484	0.013110181311018132	0.014783821478382147	0.0100418410041841	0.013668061366806136	0.01394700139470014	0.016736401673640166	0.011715481171548118	0.014225941422594143	0.004463040446304045	0.005299860529986053	0.00502092050209205	0.005578800557880056	0.03096234309623431	0.039888423988842396	0.02092050209205021	0.0301255230125523	0.012552301255230125	0.014225941422594143	0.010599721059972107	0.00697350069735007	0.02510460251046025	0.029288702928870293	0.013110181311018132	0.01813110181311018	0.01199442119944212	0.01813110181311018	0.00892608089260809	0.015899581589958158	0.015620641562064157	0.014783821478382147	0.008647140864714086	0.009483960948396096	0.0	0.017573221757322177	0.0	0.012552301255230125	0.011436541143654114	0.015341701534170154	0.0100418410041841	0.010320781032078103	0.017294281729428172	0.004741980474198048	0.010320781032078103	0.0030683403068340305	0.023430962343096235	0.0401673640167364	0.02092050209205021	0.031799163179916316
0.013389121338912133	0.015899581589958158	0.008089260808926082	0.017294281729428172	0.017294281729428172	0.027336122733612273	0.012273361227336122	0.022315202231520222	0.0	0.01394700139470014	0.0	0.010599721059972107	0.024546722454672244	0.044630404463040445	0.019525801952580194	0.039888423988842396	0.013389121338912133	0.01506276150627615	0.009762900976290097	0.013389121338912133	0.013668061366806136	0.01701534170153417	0.01199442119944212	0.01394700139470014	0.004463040446304045	0.005857740585774059	0.004741980474198048	0.005299860529986053	0.030404463040446306	0.039888423988842396	0.0200836820083682	0.031799163179916316	0.012831241283124128	0.014504881450488146	0.010320781032078103	0.0066945606694560665	0.02482566248256625	0.02900976290097629	0.012831241283124128	0.01896792189679219	0.011715481171548118	0.01701534170153417	0.009205020920502092	0.01701534170153417	0.015341701534170154	0.01506276150627615	0.008368200836820083	0.009762900976290097	0.0	0.018688981868898186	0.0	0.011436541143654114	0.011157601115760111	0.015341701534170154	0.010599721059972107	0.0100418410041841	0.017573221757322177	0.004741980474198048	0.0100418410041841	0.0030683403068340305	0.024546722454672244	0.0401673640167364	0.019525801952580194	0.031799163179916316
0.013668061366806136	0.015620641562064157	0.007810320781032078	0.017573221757322177	0.016736401673640166	0.02900976290097629	0.012273361227336122	0.021199442119944213	0.0	0.014504881450488146	0.0	0.0100418410041841	0.024267782426778243	0.044630404463040445	0.0198047419804742	0.039888423988842396	0.013668061366806136	0.01506276150627615	0.009483960948396096	0.013389121338912133	0.012552301255230125	0.018410041841004185	0.012552301255230125	0.013110181311018132	0.004741980474198048	0.006136680613668061	0.004463040446304045	0.00502092050209205	0.0301255230125523	0.04184100418410042	0.01896792189679219	0.03152022315202232	0.013110181311018132	0.013668061366806136	0.0100418410041841	0.007531380753138075	0.023709902370990237	0.0301255230125523	0.012273361227336122	0.019525801952580194	0.012273361227336122	0.01813110181311018	0.008647140864714086	0.015899581589958158	0.01506276150627615	0.016178521617852163	0.007810320781032078	0.009483960948396096	0.0	0.018688981868898186	0.0	0.011436541143654114	0.010599721059972107	0.015899581589958158	0.010878661087866108	0.009762900976290097	0.017294281729428172	0.004741980474198048	0.010320781032078103	0.0030683403068340305	0.02594142259414226	0.039888423988842396	0.01785216178521618	0.03207810320781032
0.01394700139470014	0.016178521617852163	0.007531380753138075	0.01701534170153417	0.016736401673640166	0.0298465829846583	0.011436541143654114	0.021199442119944213	0.0	0.014504881450488146	0.0	0.0100418410041841	0.024267782426778243	0.04574616457461646	0.0198047419804742	0.03877266387726639	0.014225941422594143	0.015341701534170154	0.00892608089260809	0.013110181311018132	0.012831241283124128	0.019246861924686193	0.011715481171548118	0.012831241283124128	0.004741980474198048	0.006415620641562064	0.0041841004184100415	0.00502092050209205	0.030404463040446306	0.04211994421199442	0.020362622036262202	0.030683403068340307	0.013389121338912133	0.013668061366806136	0.009762900976290097	0.007531380753138075	0.023709902370990237	0.031241283124128313	0.012273361227336122	0.018410041841004185	0.012273361227336122	0.0198047419804742	0.008089260808926082	0.014783821478382147	0.01506276150627615	0.01701534170153417	0.00697350069735007	0.009483960948396096	0.0	0.018410041841004185	0.0	0.011715481171548118	0.010878661087866108	0.016457461645746164	0.009762900976290097	0.0100418410041841	0.017294281729428172	0.00502092050209205	0.010320781032078103	0.002789400278940028	0.02482566248256625	0.0396094839609484	0.01785216178521618	0.032357043235704326
0.01394700139470014	0.016457461645746164	0.007531380753138075	0.016736401673640166	0.01701534170153417	0.0301255230125523	0.010599721059972107	0.021478382147838215	0.0	0.014783821478382147	0.0	0.009762900976290097	0.024546722454672244	0.04574616457461646	0.019525801952580194	0.03877266387726639	0.014783821478382147	0.01506276150627615	0.008368200836820083	0.013389121338912133	0.014504881450488146	0.01813110181311018	0.010878661087866108	0.013110181311018132	0.00502092050209205	0.00697350069735007	0.0036262203626220364	0.004741980474198048	0.030404463040446306	0.04211994421199442	0.02092050209205021	0.030683403068340307	0.013389121338912133	0.01394700139470014	0.009762900976290097	0.007252440725244073	0.02482566248256625	0.031799163179916316	0.010599721059972107	0.018410041841004185	0.01199442119944212	0.021199442119944213	0.007531380753138075	0.014225941422594143	0.014783821478382147	0.017294281729428172	0.0066945606694560665	0.009762900976290097	0.0	0.01813110181311018	0.0	0.01199442119944212	0.010878661087866108	0.017294281729428172	0.00892608089260809	0.0100418410041841	0.017294281729428172	0.00502092050209205	0.010320781032078103	0.002789400278940028	0.025662482566248257	0.040446304044630406	0.016457461645746164	0.03152022315202232
0.014225941422594143	0.016457461645746164	0.007252440725244073	0.016736401673640166	0.015899581589958158	0.031241283124128313	0.010878661087866108	0.021199442119944213	0.0	0.014504881450488146	0.0	0.0100418410041841	0.024546722454672244	0.04574616457461646	0.019525801952580194	0.03877266387726639	0.014504881450488146	0.015341701534170154	0.008647140864714086	0.013110181311018132	0.013668061366806136	0.019525801952580194	0.010878661087866108	0.012552301255230125	0.005578800557880056	0.00697350069735007	0.0030683403068340305	0.004741980474198048	0.031799163179916316	0.042677824267782424	0.0200836820083682	0.0301255230125523	0.013389121338912133	0.014225941422594143	0.009762900976290097	0.00697350069735007	0.02510460251046025	0.031799163179916316	0.010599721059972107	0.01813110181311018	0.012273361227336122	0.021757322175732216	0.00697350069735007	0.01394700139470014	0.014783821478382147	0.017573221757322177	0.0066945606694560665	0.009483960948396096	0.0	0.018410041841004185	0.0	0.011715481171548118	0.010320781032078103	0.017573221757322177	0.008368200836820083	0.010878661087866108	0.017573221757322177	0.00502092050209205	0.0100418410041841	0.002789400278940028	0.025662482566248257	0.042398884239888426	0.015899581589958158	0.029567642956764294
0.014504881450488146	0.017294281729428172	0.00697350069735007	0.015899581589958158	0.015620641562064157	0.031799163179916316	0.011157601115760111	0.020641562064156207	0.0	0.014225941422594143	0.0	0.010320781032078103	0.025383542538354256	0.04630404463040446	0.018688981868898186	0.03821478382147838	0.014504881450488146	0.015341701534170154	0.008647140864714086	0.013110181311018132	0.013110181311018132	0.019525801952580194	0.011157601115760111	0.012831241283124128	0.005578800557880056	0.007252440725244073	0.002510460251046025	0.00502092050209205	0.03152022315202232	0.042398884239888426	0.0198047419804742	0.03096234309623431	0.01394700139470014	0.014225941422594143	0.009205020920502092	0.00697350069735007	0.024267782426778243	0.03207810320781032	0.010599721059972107	0.018688981868898186	0.012273361227336122	0.021478382147838215	0.006415620641562064	0.014783821478382147	0.01506276150627615	0.01785216178521618	0.006136680613668061	0.009483960948396096	0.0	0.01813110181311018	0.0	0.01199442119944212	0.010320781032078103	0.01813110181311018	0.008089260808926082	0.010599721059972107	0.01785216178521618	0.005299860529986053	0.009762900976290097	0.002510460251046025	0.025383542538354256	0.04211994421199442	0.016178521617852163	0.0298465829846583
0.01394700139470014	0.01701534170153417	0.007531380753138075	0.016178521617852163	0.016178521617852163	0.031799163179916316	0.010320781032078103	0.02092050209205021	0.0	0.014504881450488146	0.0	0.0100418410041841	0.026220362622036263	0.04769874476987448	0.01785216178521618	0.03682008368200837	0.01506276150627615	0.014783821478382147	0.008089260808926082	0.013668061366806136	0.012831241283124128	0.02092050209205021	0.010599721059972107	0.012273361227336122	0.005857740585774059	0.007252440725244073	0.0019525801952580196	0.005299860529986053	0.03152022315202232	0.042677824267782424	0.020362622036262202	0.030404463040446306	0.013668061366806136	0.01394700139470014	0.009483960948396096	0.007252440725244073	0.02398884239888424	0.032357043235704326	0.0100418410041841	0.019246861924686193	0.012552301255230125	0.021757322175732216	0.006136680613668061	0.014504881450488146	0.015899581589958158	0.017294281729428172	0.00502092050209205	0.010320781032078103	0.0	0.01813110181311018	0.0	0.01199442119944212	0.010599721059972107	0.01785216178521618	0.007531380753138075	0.011157601115760111	0.017294281729428172	0.005299860529986053	0.010320781032078103	0.002510460251046025	0.02594142259414226	0.042398884239888426	0.015341701534170154	0.029567642956764294
0.01394700139470014	0.01785216178521618	0.007531380753138075	0.015341701534170154	0.01701534170153417	0.031799163179916316	0.009762900976290097	0.020641562064156207	0.0	0.014783821478382147	0.0	0.009762900976290097	0.026778242677824266	0.046582984658298465	0.017294281729428172	0.03793584379358438	0.014783821478382147	0.01506276150627615	0.008368200836820083	0.013389121338912133	0.011715481171548118	0.02203626220362622	0.0100418410041841	0.012831241283124128	0.005857740585774059	0.00697350069735007	0.0019525801952580196	0.005578800557880056	0.031799163179916316	0.043235704323570434	0.020641562064156207	0.030404463040446306	0.01394700139470014	0.013668061366806136	0.009205020920502092	0.007531380753138075	0.022594142259414227	0.033193863319386334	0.0100418410041841	0.0198047419804742	0.012831241283124128	0.02203626220362622	0.005578800557880056	0.014504881450488146	0.015899581589958158	0.016736401673640166	0.004741980474198048	0.011157601115760111	0.0	0.018688981868898186	0.0	0.011436541143654114	0.010599721059972107	0.018410041841004185	0.007531380753138075	0.010599721059972107	0.017294281729428172	0.005299860529986053	0.010320781032078103	0.002510460251046025	0.025383542538354256	0.04184100418410042	0.014783821478382147	0.0301255230125523
0.013668061366806136	0.01813110181311018	0.007810320781032078	0.01506276150627615	0.016736401673640166	0.031799163179916316	0.009762900976290097	0.02092050209205021	0.0	0.014783821478382147	0.0	0.009762900976290097	0.028451882845188285	0.04686192468619247	0.015620641562064157	0.03765690376569038	0.014783821478382147	0.016178521617852163	0.008368200836820083	0.012273361227336122	0.01199442119944212	0.021757322175732216	0.009762900976290097	0.013110181311018132	0.005857740585774059	0.007531380753138075	0.0019525801952580196	0.00502092050209205	0.033193863319386334	0.044630404463040445	0.020362622036262202	0.02900976290097629	0.01394700139470014	0.014225941422594143	0.009205020920502092	0.00697350069735007	0.02203626220362622	0.03403068340306834	0.009205020920502092	0.020362622036262202	0.012831241283124128	0.022315202231520222	0.005578800557880056	0.014225941422594143	0.014504881450488146	0.01813110181311018	0.00502092050209205	0.010878661087866108	0.0	0.018688981868898186	0.0	0.011436541143654114	0.0100418410041841	0.018410041841004185	0.007531380753138075	0.011157601115760111	0.017573221757322177	0.00502092050209205	0.0100418410041841	0.002789400278940028	0.023709902370990237	0.04211994421199442	0.015341701534170154	0.0298465829846583
0.013389121338912133	0.018688981868898186	0.008089260808926082	0.014504881450488146	0.017573221757322177	0.03207810320781032	0.009483960948396096	0.0200836820083682	0.0	0.014783821478382147	0.0	0.009762900976290097	0.02817294281729428	0.046582984658298465	0.015899581589958158	0.03793584379358438	0.015341701534170154	0.016457461645746164	0.007810320781032078	0.01199442119944212	0.01199442119944212	0.021757322175732216	0.009762900976290097	0.013110181311018132	0.006136680613668061	0.007252440725244073	0.001394700139470014	0.005578800557880056	0.03403068340306834	0.045188284518828455	0.0198047419804742	0.028730822873082287	0.014225941422594143	0.014225941422594143	0.00892608089260809	0.00697350069735007	0.021478382147838215	0.034588563458856345	0.008647140864714086	0.02092050209205021	0.01199442119944212	0.023709902370990237	0.00502092050209205	0.014225941422594143	0.014504881450488146	0.018410041841004185	0.00502092050209205	0.010599721059972107	0.0	0.018688981868898186	0.0	0.011436541143654114	0.009762900976290097	0.01813110181311018	0.007252440725244073	0.01199442119944212	0.01785216178521618	0.005299860529986053	0.009762900976290097	0.002510460251046025	0.02315202231520223	0.042398884239888426	0.015341701534170154	0.029567642956764294
0.013389121338912133	0.018688981868898186	0.008089260808926082	0.014504881450488146	0.01701534170153417	0.033193863319386334	0.009205020920502092	0.0198047419804742	0.0	0.014783821478382147	0.0	0.009762900976290097	0.028451882845188285	0.04797768479776848	0.015620641562064157	0.036541143654114365	0.015341701534170154	0.01701534170153417	0.007810320781032078	0.011436541143654114	0.011436541143654114	0.021757322175732216	0.009762900976290097	0.013668061366806136	0.006136680613668061	0.00697350069735007	0.001394700139470014	0.005857740585774059	0.032635983263598324	0.046582984658298465	0.018688981868898186	0.028730822873082287	0.014504881450488146	0.014504881450488146	0.008647140864714086	0.0066945606694560665	0.021478382147838215	0.03403068340306834	0.008647140864714086	0.021478382147838215	0.011715481171548118	0.02398884239888424	0.00502092050209205	0.014225941422594143	0.014783821478382147	0.018410041841004185	0.0041841004184100415	0.011157601115760111	0.0	0.01813110181311018	0.0	0.01199442119944212	0.009483960948396096	0.019525801952580194	0.006415620641562064	0.011715481171548118	0.017294281729428172	0.005299860529986053	0.010320781032078103	0.002510460251046025	0.024267782426778243	0.04351464435146443	0.015341701534170154	0.028451882845188285
0.013389121338912133	0.019525801952580194	0.008089260808926082	0.013668061366806136	0.016457461645746164	0.03486750348675035	0.008647140864714086	0.019246861924686193	0.0	0.014783821478382147	0.0	0.009762900976290097	0.029567642956764294	0.048535564853556486	0.014504881450488146	0.03598326359832636	0.01506276150627615	0.01701534170153417	0.008089260808926082	0.011436541143654114	0.01199442119944212	0.022594142259414227	0.00892608089260809	0.013110181311018132	0.006136680613668061	0.007252440725244073	0.001394700139470014	0.005578800557880056	0.03375174337517434	0.04881450488145049	0.018688981868898186	0.02789400278940028	0.01394700139470014	0.014783821478382147	0.009205020920502092	0.006415620641562064	0.022594142259414227	0.03430962343096234	0.008647140864714086	0.0200836820083682	0.012552301255230125	0.023709902370990237	0.00502092050209205	0.013668061366806136	0.014783821478382147	0.018410041841004185	0.004463040446304045	0.010878661087866108	0.0	0.018688981868898186	0.0	0.011436541143654114	0.009762900976290097	0.01896792189679219	0.006136680613668061	0.012273361227336122	0.017294281729428172	0.005299860529986053	0.010320781032078103	0.002510460251046025	0.02287308228730823	0.04351464435146443	0.014225941422594143	0.028451882845188285
0.013668061366806136	0.019525801952580194	0.007810320781032078	0.013668061366806136	0.015620641562064157	0.03682008368200837	0.008089260808926082	0.018688981868898186	0.0	0.014783821478382147	0.0	0.009762900976290097	0.029567642956764294	0.0496513249651325	0.014504881450488146	0.03486750348675035	0.01506276150627615	0.01701534170153417	0.008089260808926082	0.011436541143654114	0.01199442119944212	0.022594142259414227	0.008368200836820083	0.013668061366806136	0.006136680613668061	0.007252440725244073	0.001394700139470014	0.005578800557880056	0.032635983263598324	0.049930264993026496	0.018688981868898186	0.028451882845188285	0.014225941422594143	0.01506276150627615	0.00892608089260809	0.006136680613668061	0.022594142259414227	0.03430962343096234	0.008647140864714086	0.0200836820083682	0.012552301255230125	0.023430962343096235	0.004741980474198048	0.014225941422594143	0.014504881450488146	0.019246861924686193	0.0041841004184100415	0.010599721059972107	0.0	0.018688981868898186	0.0	0.011436541143654114	0.010878661087866108	0.018410041841004185	0.005578800557880056	0.012273361227336122	0.017294281729428172	0.005299860529986053	0.010320781032078103	0.002510460251046025	0.02315202231520223	0.04407252440725244	0.013389121338912133	0.02789400278940028
0.013668061366806136	0.019246861924686193	0.007810320781032078	0.01394700139470014	0.015899581589958158	0.03709902370990237	0.007810320781032078	0.018410041841004185	0.0	0.01506276150627615	0.0	0.009483960948396096	0.028730822873082287	0.0496513249651325	0.015341701534170154	0.03486750348675035	0.015341701534170154	0.01701534170153417	0.007810320781032078	0.011436541143654114	0.01199442119944212	0.023709902370990237	0.00697350069735007	0.01394700139470014	0.006415620641562064	0.00697350069735007	0.001394700139470014	0.005578800557880056	0.030683403068340307	0.05160390516039052	0.019246861924686193	0.028451882845188285	0.014504881450488146	0.014225941422594143	0.008647140864714086	0.00697350069735007	0.022594142259414227	0.034588563458856345	0.008647140864714086	0.0198047419804742	0.012831241283124128	0.02398884239888424	0.003905160390516039	0.014225941422594143	0.014225941422594143	0.019246861924686193	0.003905160390516039	0.011157601115760111	0.0	0.0200836820083682	0.0	0.0100418410041841	0.010599721059972107	0.01896792189679219	0.005857740585774059	0.011715481171548118	0.017573221757322177	0.005578800557880056	0.0100418410041841	0.0022315202231520223	0.023430962343096235	0.04435146443514645	0.012831241283124128	0.027615062761506277
0.014504881450488146	0.019246861924686193	0.00697350069735007	0.01394700139470014	0.014783821478382147	0.03821478382147838	0.008089260808926082	0.01813110181311018	0.0	0.014504881450488146	0.0	0.0100418410041841	0.02900976290097629	0.050488145048814506	0.01506276150627615	0.03403068340306834	0.015341701534170154	0.01701534170153417	0.007810320781032078	0.011436541143654114	0.011436541143654114	0.024546722454672244	0.006136680613668061	0.014504881450488146	0.006136680613668061	0.007531380753138075	0.001394700139470014	0.005299860529986053	0.03152022315202232	0.05160390516039052	0.017573221757322177	0.02900976290097629	0.01506276150627615	0.014225941422594143	0.008089260808926082	0.00697350069735007	0.02287308228730823	0.034588563458856345	0.007810320781032078	0.020362622036262202	0.013668061366806136	0.023709902370990237	0.0036262203626220364	0.01394700139470014	0.01394700139470014	0.0200836820083682	0.0033472803347280333	0.011157601115760111	0.0	0.0198047419804742	0.0	0.010320781032078103	0.010320781032078103	0.0198047419804742	0.005578800557880056	0.011436541143654114	0.01813110181311018	0.005578800557880056	0.009483960948396096	0.0022315202231520223	0.023709902370990237	0.04407252440725244	0.012831241283124128	0.02789400278940028
0.014783821478382147	0.019525801952580194	0.0066945606694560665	0.013668061366806136	0.014783821478382147	0.03765690376569038	0.007531380753138075	0.019246861924686193	0.0	0.014783821478382147	0.0	0.009762900976290097	0.029288702928870293	0.0502092050209205	0.014783821478382147	0.03430962343096234	0.015620641562064157	0.017573221757322177	0.007531380753138075	0.010878661087866108	0.012273361227336122	0.023709902370990237	0.005578800557880056	0.01506276150627615	0.005857740585774059	0.007810320781032078	0.0016736401673640166	0.00502092050209205	0.03152022315202232	0.053277545327754534	0.015620641562064157	0.029288702928870293	0.01506276150627615	0.01394700139470014	0.008089260808926082	0.007252440725244073	0.022315202231520222	0.03430962343096234	0.008089260808926082	0.02092050209205021	0.013389121338912133	0.023709902370990237	0.003905160390516039	0.01394700139470014	0.013389121338912133	0.0200836820083682	0.003905160390516039	0.011157601115760111	0.0	0.0198047419804742	0.0	0.010320781032078103	0.009483960948396096	0.020362622036262202	0.005857740585774059	0.011436541143654114	0.01813110181311018	0.005578800557880056	0.009483960948396096	0.0022315202231520223	0.023709902370990237	0.044630404463040445	0.012831241283124128	0.027336122733612273
0.014783821478382147	0.020641562064156207	0.0066945606694560665	0.012552301255230125	0.014504881450488146	0.038493723849372385	0.007810320781032078	0.018410041841004185	0.0	0.014783821478382147	0.0	0.009762900976290097	0.029288702928870293	0.05104602510460251	0.014783821478382147	0.03347280334728033	0.015341701534170154	0.017573221757322177	0.007810320781032078	0.010878661087866108	0.01199442119944212	0.024546722454672244	0.005299860529986053	0.014783821478382147	0.006136680613668061	0.007810320781032078	0.001394700139470014	0.00502092050209205	0.033193863319386334	0.052719665271966525	0.014504881450488146	0.0298465829846583	0.015620641562064157	0.01394700139470014	0.007531380753138075	0.007252440725244073	0.022315202231520222	0.03542538354253835	0.008089260808926082	0.0198047419804742	0.013110181311018132	0.02510460251046025	0.003905160390516039	0.012831241283124128	0.013389121338912133	0.020362622036262202	0.0033472803347280333	0.011436541143654114	0.0	0.0198047419804742	0.0	0.010320781032078103	0.009483960948396096	0.02092050209205021	0.005299860529986053	0.011436541143654114	0.01813110181311018	0.005578800557880056	0.009483960948396096	0.0022315202231520223	0.02398884239888424	0.044630404463040445	0.01199442119944212	0.027336122733612273
0.014783821478382147	0.0198047419804742	0.0066945606694560665	0.013389121338912133	0.014783821478382147	0.0396094839609484	0.007531380753138075	0.017294281729428172	0.0	0.014783821478382147	0.0	0.009762900976290097	0.029567642956764294	0.05188284518828452	0.014504881450488146	0.032635983263598324	0.015341701534170154	0.01813110181311018	0.007810320781032078	0.010320781032078103	0.011436541143654114	0.024267782426778243	0.005299860529986053	0.015620641562064157	0.0066945606694560665	0.00697350069735007	0.001394700139470014	0.005299860529986053	0.032357043235704326	0.05244072524407253	0.014504881450488146	0.030683403068340307	0.016736401673640166	0.013389121338912133	0.006415620641562064	0.007810320781032078	0.02287308228730823	0.03486750348675035	0.007531380753138075	0.020362622036262202	0.013110181311018132	0.02510460251046025	0.0033472803347280333	0.013389121338912133	0.012831241283124128	0.02092050209205021	0.0030683403068340305	0.011715481171548118	0.0	0.020362622036262202	0.0	0.009762900976290097	0.010320781032078103	0.020362622036262202	0.00502092050209205	0.011436541143654114	0.01813110181311018	0.005578800557880056	0.009483960948396096	0.0022315202231520223	0.024546722454672244	0.04490934449093445	0.011715481171548118	0.02705718270571827
0.01506276150627615	0.0200836820083682	0.006415620641562064	0.013110181311018132	0.015341701534170154	0.0396094839609484	0.006136680613668061	0.01813110181311018	0.0	0.015341701534170154	0.0	0.009205020920502092	0.029567642956764294	0.05160390516039052	0.014504881450488146	0.03291492329149233	0.015620641562064157	0.01813110181311018	0.007531380753138075	0.010320781032078103	0.010599721059972107	0.025383542538354256	0.00502092050209205	0.015620641562064157	0.006415620641562064	0.0066945606694560665	0.0016736401673640166	0.005578800557880056	0.030404463040446306	0.052719665271966525	0.015341701534170154	0.031241283124128313	0.016736401673640166	0.013110181311018132	0.006415620641562064	0.008089260808926082	0.02315202231520223	0.03570432357043236	0.007252440725244073	0.019525801952580194	0.012273361227336122	0.02482566248256625	0.0036262203626220364	0.014225941422594143	0.012273361227336122	0.021478382147838215	0.0030683403068340305	0.011715481171548118	0.0	0.0200836820083682	0.0	0.0100418410041841	0.009762900976290097	0.02092050209205021	0.005299860529986053	0.011157601115760111	0.018410041841004185	0.005578800557880056	0.009205020920502092	0.0022315202231520223	0.025662482566248257	0.04574616457461646	0.010878661087866108	0.026220362622036263
0.015620641562064157	0.020362622036262202	0.005857740585774059	0.012831241283124128	0.014225941422594143	0.039888423988842396	0.007252440725244073	0.01785216178521618	0.0	0.015341701534170154	0.0	0.009205020920502092	0.029288702928870293	0.05244072524407253	0.014783821478382147	0.03207810320781032	0.015620641562064157	0.01813110181311018	0.007531380753138075	0.010320781032078103	0.010320781032078103	0.02510460251046025	0.00502092050209205	0.016178521617852163	0.006136680613668061	0.007252440725244073	0.0016736401673640166	0.005299860529986053	0.03207810320781032	0.05188284518828452	0.015899581589958158	0.03152022315202232	0.016457461645746164	0.012273361227336122	0.0066945606694560665	0.00892608089260809	0.022594142259414227	0.034588563458856345	0.007252440725244073	0.021199442119944213	0.012831241283124128	0.024267782426778243	0.0030683403068340305	0.014783821478382147	0.012552301255230125	0.021199442119944213	0.0036262203626220364	0.011157601115760111	0.0	0.020641562064156207	0.0	0.009483960948396096	0.009762900976290097	0.020641562064156207	0.005299860529986053	0.011436541143654114	0.018410041841004185	0.005578800557880056	0.009205020920502092	0.0022315202231520223	0.02482566248256625	0.046582984658298465	0.0100418410041841	0.025383542538354256
0.015341701534170154	0.020362622036262202	0.006136680613668061	0.012831241283124128	0.014504881450488146	0.039888423988842396	0.00697350069735007	0.01785216178521618	0.0	0.01506276150627615	0.0	0.009483960948396096	0.029288702928870293	0.05244072524407253	0.014783821478382147	0.03207810320781032	0.015620641562064157	0.01813110181311018	0.007531380753138075	0.010320781032078103	0.0100418410041841	0.02482566248256625	0.00502092050209205	0.016736401673640166	0.006415620641562064	0.007531380753138075	0.001394700139470014	0.00502092050209205	0.03291492329149233	0.05216178521617852	0.015341701534170154	0.03207810320781032	0.016457461645746164	0.012552301255230125	0.0066945606694560665	0.008647140864714086	0.02287308228730823	0.03403068340306834	0.007531380753138075	0.021199442119944213	0.013110181311018132	0.024546722454672244	0.002789400278940028	0.014504881450488146	0.012552301255230125	0.021478382147838215	0.0036262203626220364	0.010878661087866108	0.0	0.020641562064156207	0.0	0.009483960948396096	0.0100418410041841	0.021199442119944213	0.00502092050209205	0.010878661087866108	0.018688981868898186	0.005299860529986053	0.00892608089260809	0.002510460251046025	0.024546722454672244	0.04741980474198047	0.009205020920502092	0.024546722454672244
0.015620641562064157	0.0200836820083682	0.005857740585774059	0.013110181311018132	0.01394700139470014	0.040446304044630406	0.00697350069735007	0.01785216178521618	0.0	0.014783821478382147	0.0	0.009762900976290097	0.029567642956764294	0.05188284518828452	0.014504881450488146	0.032635983263598324	0.015620641562064157	0.01785216178521618	0.007531380753138075	0.010599721059972107	0.010320781032078103	0.024546722454672244	0.004741980474198048	0.01701534170153417	0.0066945606694560665	0.00697350069735007	0.0016736401673640166	0.00502092050209205	0.032635983263598324	0.052719665271966525	0.013389121338912133	0.03291492329149233	0.016178521617852163	0.012831241283124128	0.00697350069735007	0.008368200836820083	0.02398884239888424	0.03570432357043236	0.00697350069735007	0.01896792189679219	0.012831241283124128	0.02482566248256625	0.002510460251046025	0.014783821478382147	0.012552301255230125	0.020641562064156207	0.0033472803347280333	0.01199442119944212	0.0	0.020362622036262202	0.0	0.009762900976290097	0.009762900976290097	0.022315202231520222	0.004741980474198048	0.010320781032078103	0.01813110181311018	0.005578800557880056	0.009483960948396096	0.0022315202231520223	0.025383542538354256	0.04714086471408647	0.009205020920502092	0.02482566248256625
0.015341701534170154	0.02092050209205021	0.006136680613668061	0.012273361227336122	0.014225941422594143	0.040725244072524404	0.007252440725244073	0.01701534170153417	0.0	0.014225941422594143	0.0	0.010320781032078103	0.0301255230125523	0.05244072524407253	0.01394700139470014	0.03207810320781032	0.015620641562064157	0.01813110181311018	0.007531380753138075	0.010320781032078103	0.0100418410041841	0.024546722454672244	0.004741980474198048	0.017294281729428172	0.006415620641562064	0.007531380753138075	0.001394700139470014	0.00502092050209205	0.032357043235704326	0.052719665271966525	0.012831241283124128	0.03403068340306834	0.016178521617852163	0.013389121338912133	0.00697350069735007	0.007810320781032078	0.02315202231520223	0.03598326359832636	0.0066945606694560665	0.0198047419804742	0.013389121338912133	0.025383542538354256	0.0019525801952580196	0.014225941422594143	0.012552301255230125	0.021199442119944213	0.0033472803347280333	0.011436541143654114	0.0	0.020362622036262202	0.0	0.009762900976290097	0.009483960948396096	0.02315202231520223	0.004463040446304045	0.0100418410041841	0.018410041841004185	0.005857740585774059	0.009205020920502092	0.0019525801952580196	0.025383542538354256	0.046582984658298465	0.00892608089260809	0.025383542538354256
0.015341701534170154	0.020362622036262202	0.006136680613668061	0.012831241283124128	0.01394700139470014	0.040725244072524404	0.0066945606694560665	0.01785216178521618	0.0	0.014225941422594143	0.0	0.010320781032078103	0.030683403068340307	0.05355648535564853	0.013389121338912133	0.03096234309623431	0.015620641562064157	0.01785216178521618	0.007531380753138075	0.010599721059972107	0.009762900976290097	0.024546722454672244	0.00502092050209205	0.017294281729428172	0.006136680613668061	0.008089260808926082	0.001394700139470014	0.004741980474198048	0.031799163179916316	0.053277545327754534	0.012552301255230125	0.03486750348675035	0.016457461645746164	0.013668061366806136	0.0066945606694560665	0.007531380753138075	0.02287308228730823	0.03598326359832636	0.006136680613668061	0.020641562064156207	0.013668061366806136	0.02594142259414226	0.0019525801952580196	0.013389121338912133	0.012552301255230125	0.021757322175732216	0.0033472803347280333	0.010878661087866108	0.0	0.020641562064156207	0.0	0.009483960948396096	0.009483960948396096	0.023430962343096235	0.004463040446304045	0.009762900976290097	0.018410041841004185	0.005578800557880056	0.009205020920502092	0.0022315202231520223	0.024546722454672244	0.04769874476987448	0.009205020920502092	0.024267782426778243
0.015899581589958158	0.0200836820083682	0.005578800557880056	0.013110181311018132	0.01394700139470014	0.0401673640167364	0.00697350069735007	0.01813110181311018	0.0	0.014504881450488146	0.0	0.0100418410041841	0.03096234309623431	0.05439330543933055	0.013110181311018132	0.0301255230125523	0.016178521617852163	0.01813110181311018	0.00697350069735007	0.010320781032078103	0.010320781032078103	0.023709902370990237	0.004741980474198048	0.01785216178521618	0.006136680613668061	0.008089260808926082	0.001394700139470014	0.004741980474198048	0.032635983263598324	0.054672245467224545	0.012552301255230125	0.03430962343096234	0.016457461645746164	0.013110181311018132	0.0066945606694560665	0.008089260808926082	0.02287308228730823	0.03626220362622036	0.005857740585774059	0.020641562064156207	0.014225941422594143	0.026499302649930265	0.0016736401673640166	0.012552301255230125	0.012831241283124128	0.022315202231520222	0.0030683403068340305	0.010320781032078103	0.0	0.020641562064156207	0.0	0.009483960948396096	0.009483960948396096	0.02287308228730823	0.004741980474198048	0.0100418410041841	0.018688981868898186	0.005578800557880056	0.00892608089260809	0.0022315202231520223	0.02398884239888424	0.04714086471408647	0.008089260808926082	0.02482566248256625
0.015620641562064157	0.0198047419804742	0.005857740585774059	0.013389121338912133	0.013389121338912133	0.039888423988842396	0.00697350069735007	0.01896792189679219	0.0	0.014504881450488146	0.0	0.0100418410041841	0.031241283124128313	0.05355648535564853	0.012831241283124128	0.03096234309623431	0.016178521617852163	0.018410041841004185	0.00697350069735007	0.0100418410041841	0.009483960948396096	0.02482566248256625	0.004463040446304045	0.01785216178521618	0.006136680613668061	0.007810320781032078	0.001394700139470014	0.00502092050209205	0.033193863319386334	0.055230125523012555	0.013389121338912133	0.03375174337517434	0.016736401673640166	0.013110181311018132	0.006415620641562064	0.008089260808926082	0.021757322175732216	0.03793584379358438	0.006136680613668061	0.0198047419804742	0.015341701534170154	0.026220362622036263	0.0016736401673640166	0.011715481171548118	0.01199442119944212	0.022594142259414227	0.0030683403068340305	0.010878661087866108	0.0	0.02092050209205021	0.0	0.009205020920502092	0.009762900976290097	0.023430962343096235	0.0041841004184100415	0.009762900976290097	0.0198047419804742	0.005578800557880056	0.007810320781032078	0.0022315202231520223	0.02315202231520223	0.04630404463040446	0.007531380753138075	0.025662482566248257
0.015620641562064157	0.0198047419804742	0.005857740585774059	0.013389121338912133	0.012552301255230125	0.0401673640167364	0.0066945606694560665	0.0198047419804742	0.0	0.01394700139470014	0.0	0.010599721059972107	0.031799163179916316	0.054672245467224545	0.012273361227336122	0.0298465829846583	0.016178521617852163	0.018410041841004185	0.00697350069735007	0.0100418410041841	0.009205020920502092	0.02510460251046025	0.00502092050209205	0.017294281729428172	0.006415620641562064	0.007810320781032078	0.0011157601115760112	0.00502092050209205	0.032635983263598324	0.055230125523012555	0.013389121338912133	0.03403068340306834	0.01701534170153417	0.012831241283124128	0.006136680613668061	0.008368200836820083	0.02092050209205021	0.03905160390516039	0.006136680613668061	0.019525801952580194	0.015341701534170154	0.026220362622036263	0.0019525801952580196	0.011436541143654114	0.012273361227336122	0.023430962343096235	0.0033472803347280333	0.009483960948396096	0.0	0.020641562064156207	0.0	0.009483960948396096	0.009205020920502092	0.023709902370990237	0.004463040446304045	0.009762900976290097	0.019525801952580194	0.005299860529986053	0.008089260808926082	0.002510460251046025	0.022594142259414227	0.04686192468619247	0.008368200836820083	0.02510460251046025
0.015620641562064157	0.020641562064156207	0.005857740585774059	0.012552301255230125	0.013389121338912133	0.03933054393305439	0.006136680613668061	0.020362622036262202	0.0	0.01394700139470014	0.0	0.010599721059972107	0.03152022315202232	0.05634588563458856	0.012552301255230125	0.02817294281729428	0.016178521617852163	0.018410041841004185	0.00697350069735007	0.0100418410041841	0.009762900976290097	0.025662482566248257	0.003905160390516039	0.017294281729428172	0.007252440725244073	0.007531380753138075	0.0011157601115760112	0.004463040446304045	0.031241283124128313	0.05690376569037657	0.012273361227336122	0.03375174337517434	0.01701534170153417	0.012831241283124128	0.006136680613668061	0.008368200836820083	0.020641562064156207	0.040446304044630406	0.00502092050209205	0.019525801952580194	0.015899581589958158	0.025383542538354256	0.0022315202231520223	0.011436541143654114	0.012273361227336122	0.023709902370990237	0.0030683403068340305	0.009483960948396096	0.0	0.020362622036262202	0.0	0.009762900976290097	0.009205020920502092	0.023709902370990237	0.004741980474198048	0.009483960948396096	0.019525801952580194	0.005299860529986053	0.008089260808926082	0.002510460251046025	0.023709902370990237	0.04714086471408647	0.008368200836820083	0.02482566248256625
0.015341701534170154	0.020641562064156207	0.006136680613668061	0.012552301255230125	0.013389121338912133	0.039888423988842396	0.006136680613668061	0.0198047419804742	0.0	0.014225941422594143	0.0	0.010320781032078103	0.031799163179916316	0.05690376569037657	0.012273361227336122	0.027615062761506277	0.016178521617852163	0.018688981868898186	0.00697350069735007	0.009762900976290097	0.0100418410041841	0.02594142259414226	0.003905160390516039	0.016736401673640166	0.00697350069735007	0.007531380753138075	0.0008368200836820083	0.00502092050209205	0.031241283124128313	0.05690376569037657	0.012552301255230125	0.03375174337517434	0.016736401673640166	0.012831241283124128	0.006415620641562064	0.008368200836820083	0.020641562064156207	0.042677824267782424	0.00502092050209205	0.017294281729428172	0.016457461645746164	0.02510460251046025	0.0022315202231520223	0.011157601115760111	0.01199442119944212	0.023430962343096235	0.0033472803347280333	0.009762900976290097	0.0	0.020362622036262202	0.0	0.009762900976290097	0.009483960948396096	0.023430962343096235	0.004463040446304045	0.009762900976290097	0.01896792189679219	0.005299860529986053	0.008647140864714086	0.002510460251046025	0.02315202231520223	0.04797768479776848	0.008647140864714086	0.02398884239888424
0.014504881450488146	0.020641562064156207	0.00697350069735007	0.012552301255230125	0.013668061366806136	0.03933054393305439	0.0066945606694560665	0.019525801952580194	0.0	0.013668061366806136	0.0	0.010878661087866108	0.03207810320781032	0.05578800557880056	0.01199442119944212	0.028730822873082287	0.016178521617852163	0.018410041841004185	0.00697350069735007	0.0100418410041841	0.010599721059972107	0.025383542538354256	0.0033472803347280333	0.017294281729428172	0.00697350069735007	0.007810320781032078	0.0008368200836820083	0.004741980474198048	0.0301255230125523	0.05913528591352859	0.013668061366806136	0.03291492329149233	0.016736401673640166	0.013110181311018132	0.006415620641562064	0.008089260808926082	0.02092050209205021	0.042398884239888426	0.00502092050209205	0.017294281729428172	0.016736401673640166	0.02510460251046025	0.0016736401673640166	0.011436541143654114	0.010599721059972107	0.02398884239888424	0.003905160390516039	0.0100418410041841	0.0	0.020641562064156207	0.0	0.009483960948396096	0.00892608089260809	0.024267782426778243	0.003905160390516039	0.0100418410041841	0.018410041841004185	0.005578800557880056	0.009205020920502092	0.0022315202231520223	0.021757322175732216	0.04797768479776848	0.008647140864714086	0.02398884239888424
0.014504881450488146	0.021478382147838215	0.00697350069735007	0.011715481171548118	0.013389121338912133	0.039888423988842396	0.0066945606694560665	0.019246861924686193	0.0	0.01394700139470014	0.0	0.010599721059972107	0.031799163179916316	0.05634588563458856	0.012273361227336122	0.02817294281729428	0.015899581589958158	0.018410041841004185	0.007252440725244073	0.0100418410041841	0.010878661087866108	0.02482566248256625	0.0033472803347280333	0.017573221757322177	0.007252440725244073	0.007531380753138075	0.0011157601115760112	0.004463040446304045	0.030404463040446306	0.059414225941422594	0.01394700139470014	0.032357043235704326	0.017294281729428172	0.012831241283124128	0.005857740585774059	0.008368200836820083	0.019525801952580194	0.043235704323570434	0.005299860529986053	0.017573221757322177	0.017573221757322177	0.02398884239888424	0.001394700139470014	0.01199442119944212	0.011436541143654114	0.023430962343096235	0.0036262203626220364	0.0100418410041841	0.0	0.02092050209205021	0.0	0.009205020920502092	0.00892608089260809	0.02398884239888424	0.0036262203626220364	0.010599721059972107	0.018410041841004185	0.005299860529986053	0.009205020920502092	0.002510460251046025	0.022315202231520222	0.04741980474198047	0.007810320781032078	0.024546722454672244
0.014783821478382147	0.021757322175732216	0.0066945606694560665	0.011436541143654114	0.01394700139470014	0.03821478382147838	0.005857740585774059	0.021199442119944213	0.0	0.014225941422594143	0.0	0.010320781032078103	0.031799163179916316	0.056624825662482565	0.012273361227336122	0.02789400278940028	0.015620641562064157	0.01813110181311018	0.007531380753138075	0.010320781032078103	0.011157601115760111	0.025662482566248257	0.002510460251046025	0.017294281729428172	0.00697350069735007	0.007531380753138075	0.0011157601115760112	0.004741980474198048	0.029567642956764294	0.0599721059972106	0.014504881450488146	0.032357043235704326	0.017573221757322177	0.012552301255230125	0.005578800557880056	0.008647140864714086	0.01896792189679219	0.04407252440725244	0.00502092050209205	0.017573221757322177	0.01813110181311018	0.023430962343096235	0.001394700139470014	0.01199442119944212	0.010878661087866108	0.022594142259414227	0.0041841004184100415	0.010878661087866108	0.0	0.021199442119944213	0.0	0.00892608089260809	0.009205020920502092	0.02398884239888424	0.0030683403068340305	0.010878661087866108	0.01813110181311018	0.005857740585774059	0.009483960948396096	0.0019525801952580196	0.022315202231520222	0.04769874476987448	0.007531380753138075	0.024267782426778243
0.014783821478382147	0.022315202231520222	0.0066945606694560665	0.010878661087866108	0.01394700139470014	0.038493723849372385	0.005857740585774059	0.02092050209205021	0.0	0.014225941422594143	0.0	0.010320781032078103	0.03152022315202232	0.05550906555090655	0.012552301255230125	0.02900976290097629	0.014783821478382147	0.01785216178521618	0.008368200836820083	0.010599721059972107	0.011157601115760111	0.025662482566248257	0.0022315202231520223	0.017573221757322177	0.007531380753138075	0.007531380753138075	0.0008368200836820083	0.004463040446304045	0.029288702928870293	0.0602510460251046	0.01506276150627615	0.032635983263598324	0.017294281729428172	0.012552301255230125	0.005857740585774059	0.008647140864714086	0.01896792189679219	0.045188284518828455	0.00502092050209205	0.016457461645746164	0.01813110181311018	0.023709902370990237	0.001394700139470014	0.011715481171548118	0.010320781032078103	0.023709902370990237	0.003905160390516039	0.010599721059972107	0.0	0.021199442119944213	0.0	0.00892608089260809	0.009205020920502092	0.02398884239888424	0.0033472803347280333	0.010599721059972107	0.01813110181311018	0.005578800557880056	0.009483960948396096	0.0022315202231520223	0.021757322175732216	0.04769874476987448	0.007252440725244073	0.024267782426778243
0.01506276150627615	0.021757322175732216	0.006415620641562064	0.011436541143654114	0.013668061366806136	0.038493723849372385	0.006136680613668061	0.02092050209205021	0.0	0.01394700139470014	0.0	0.010599721059972107	0.032357043235704326	0.05690376569037657	0.011715481171548118	0.027615062761506277	0.014783821478382147	0.01785216178521618	0.008368200836820083	0.010599721059972107	0.011715481171548118	0.025383542538354256	0.0022315202231520223	0.017294281729428172	0.007531380753138075	0.007531380753138075	0.0008368200836820083	0.004463040446304045	0.0301255230125523	0.0599721059972106	0.014504881450488146	0.03375174337517434	0.01701534170153417	0.012831241283124128	0.006136680613668061	0.008368200836820083	0.01813110181311018	0.04630404463040446	0.005299860529986053	0.015899581589958158	0.01785216178521618	0.024267782426778243	0.0016736401673640166	0.011157601115760111	0.010599721059972107	0.02287308228730823	0.003905160390516039	0.011157601115760111	0.0	0.021199442119944213	0.0	0.00892608089260809	0.009205020920502092	0.024546722454672244	0.0030683403068340305	0.010320781032078103	0.01813110181311018	0.005578800557880056	0.009483960948396096	0.0022315202231520223	0.02203626220362622	0.04797768479776848	0.005857740585774059	0.02398884239888424
0.014783821478382147	0.022315202231520222	0.0066945606694560665	0.010878661087866108	0.014225941422594143	0.03765690376569038	0.005857740585774059	0.021478382147838215	0.0	0.01394700139470014	0.0	0.010599721059972107	0.032635983263598324	0.05634588563458856	0.011436541143654114	0.02817294281729428	0.01506276150627615	0.017294281729428172	0.008089260808926082	0.011157601115760111	0.01199442119944212	0.02594142259414226	0.002510460251046025	0.016178521617852163	0.00697350069735007	0.007531380753138075	0.001394700139470014	0.004463040446304045	0.029288702928870293	0.0596931659693166	0.014504881450488146	0.03375174337517434	0.016736401673640166	0.012831241283124128	0.006415620641562064	0.008368200836820083	0.017573221757322177	0.04630404463040446	0.005299860529986053	0.016457461645746164	0.018410041841004185	0.023430962343096235	0.0016736401673640166	0.011436541143654114	0.010320781032078103	0.024267782426778243	0.003905160390516039	0.0100418410041841	0.0	0.021757322175732216	0.0	0.008368200836820083	0.009762900976290097	0.02398884239888424	0.0036262203626220364	0.009762900976290097	0.01813110181311018	0.005299860529986053	0.009483960948396096	0.002510460251046025	0.02287308228730823	0.04825662482566248	0.006136680613668061	0.023709902370990237
0.01506276150627615	0.022594142259414227	0.006415620641562064	0.010599721059972107	0.014504881450488146	0.03793584379358438	0.00502092050209205	0.021757322175732216	0.0	0.01394700139470014	0.0	0.010599721059972107	0.03207810320781032	0.05690376569037657	0.01199442119944212	0.027615062761506277	0.015620641562064157	0.01785216178521618	0.007531380753138075	0.010599721059972107	0.011436541143654114	0.026499302649930265	0.002789400278940028	0.015899581589958158	0.006415620641562064	0.008089260808926082	0.0016736401673640166	0.0041841004184100415	0.02900976290097629	0.0596931659693166	0.013668061366806136	0.03430962343096234	0.016457461645746164	0.013389121338912133	0.0066945606694560665	0.007810320781032078	0.016736401673640166	0.04574616457461646	0.006136680613668061	0.01701534170153417	0.017294281729428172	0.023709902370990237	0.0019525801952580196	0.01199442119944212	0.010320781032078103	0.024267782426778243	0.003905160390516039	0.0100418410041841	0.0	0.021199442119944213	0.0	0.00892608089260809	0.009483960948396096	0.02398884239888424	0.0036262203626220364	0.0100418410041841	0.01896792189679219	0.005578800557880056	0.008647140864714086	0.0022315202231520223	0.02315202231520223	0.04881450488145049	0.006415620641562064	0.02315202231520223
0.01506276150627615	0.02287308228730823	0.006415620641562064	0.010320781032078103	0.015341701534170154	0.03709902370990237	0.004741980474198048	0.02203626220362622	0.0	0.014225941422594143	0.0	0.010320781032078103	0.033193863319386334	0.05774058577405858	0.010878661087866108	0.026778242677824266	0.015620641562064157	0.01813110181311018	0.007531380753138075	0.010320781032078103	0.01199442119944212	0.02705718270571827	0.0033472803347280333	0.014225941422594143	0.006136680613668061	0.008089260808926082	0.0016736401673640166	0.004463040446304045	0.0301255230125523	0.059414225941422594	0.012831241283124128	0.03403068340306834	0.015899581589958158	0.013668061366806136	0.007252440725244073	0.007531380753138075	0.016736401673640166	0.04546722454672245	0.005857740585774059	0.017573221757322177	0.01701534170153417	0.024267782426778243	0.0019525801952580196	0.011715481171548118	0.011157601115760111	0.02287308228730823	0.003905160390516039	0.010599721059972107	0.0	0.021199442119944213	0.0	0.00892608089260809	0.009483960948396096	0.023709902370990237	0.0036262203626220364	0.010320781032078103	0.01896792189679219	0.005578800557880056	0.008647140864714086	0.0022315202231520223	0.02287308228730823	0.04909344490934449	0.00697350069735007	0.02287308228730823
0.01506276150627615	0.022594142259414227	0.006415620641562064	0.010599721059972107	0.01506276150627615	0.03737796373779637	0.00502092050209205	0.021757322175732216	0.0	0.014504881450488146	0.0	0.0100418410041841	0.03291492329149233	0.05801952580195258	0.011157601115760111	0.026499302649930265	0.015899581589958158	0.018410041841004185	0.007252440725244073	0.0100418410041841	0.012273361227336122	0.02705718270571827	0.002789400278940028	0.014504881450488146	0.006415620641562064	0.007531380753138075	0.0019525801952580196	0.004463040446304045	0.03096234309623431	0.0602510460251046	0.013110181311018132	0.03291492329149233	0.016457461645746164	0.013668061366806136	0.0066945606694560665	0.007531380753138075	0.01813110181311018	0.04435146443514645	0.005299860529986053	0.01785216178521618	0.01701534170153417	0.023709902370990237	0.0022315202231520223	0.01199442119944212	0.010878661087866108	0.02315202231520223	0.003905160390516039	0.010599721059972107	0.0	0.021757322175732216	0.0	0.008368200836820083	0.009483960948396096	0.02398884239888424	0.0033472803347280333	0.010320781032078103	0.018688981868898186	0.005299860529986053	0.00892608089260809	0.002510460251046025	0.022315202231520222	0.050488145048814506	0.0066945606694560665	0.021478382147838215
0.01506276150627615	0.022594142259414227	0.006415620641562064	0.010599721059972107	0.016457461645746164	0.036541143654114365	0.00502092050209205	0.021199442119944213	0.0	0.014504881450488146	0.0	0.0100418410041841	0.033193863319386334	0.05801952580195258	0.010878661087866108	0.026499302649930265	0.015620641562064157	0.018410041841004185	0.007531380753138075	0.0100418410041841	0.01199442119944212	0.026778242677824266	0.002510460251046025	0.015341701534170154	0.005857740585774059	0.007810320781032078	0.0019525801952580196	0.004741980474198048	0.03207810320781032	0.06080892608089261	0.013110181311018132	0.03207810320781032	0.016178521617852163	0.013668061366806136	0.00697350069735007	0.007531380753138075	0.018410041841004185	0.044630404463040445	0.00502092050209205	0.017573221757322177	0.016457461645746164	0.024267782426778243	0.002510460251046025	0.011715481171548118	0.011436541143654114	0.022594142259414227	0.0036262203626220364	0.010878661087866108	0.0	0.021199442119944213	0.0	0.00892608089260809	0.009483960948396096	0.023709902370990237	0.0033472803347280333	0.010599721059972107	0.018688981868898186	0.005299860529986053	0.00892608089260809	0.002510460251046025	0.021199442119944213	0.0502092050209205	0.00697350069735007	0.021757322175732216
0.01506276150627615	0.022594142259414227	0.006415620641562064	0.010599721059972107	0.016457461645746164	0.036541143654114365	0.005299860529986053	0.02092050209205021	0.0	0.014783821478382147	0.0	0.009762900976290097	0.03375174337517434	0.059414225941422594	0.010320781032078103	0.02510460251046025	0.015620641562064157	0.018410041841004185	0.007531380753138075	0.0100418410041841	0.01199442119944212	0.026499302649930265	0.002510460251046025	0.015620641562064157	0.005578800557880056	0.008368200836820083	0.0016736401673640166	0.004741980474198048	0.031241283124128313	0.06248256624825663	0.012273361227336122	0.03207810320781032	0.015899581589958158	0.012831241283124128	0.007252440725244073	0.008368200836820083	0.018688981868898186	0.045188284518828455	0.005299860529986053	0.016457461645746164	0.016178521617852163	0.02482566248256625	0.002510460251046025	0.011436541143654114	0.01199442119944212	0.022594142259414227	0.0036262203626220364	0.010320781032078103	0.0	0.021199442119944213	0.0	0.00892608089260809	0.0100418410041841	0.02315202231520223	0.0033472803347280333	0.010599721059972107	0.01896792189679219	0.00502092050209205	0.008647140864714086	0.002789400278940028	0.02092050209205021	0.05104602510460251	0.007252440725244073	0.02092050209205021
0.015341701534170154	0.02287308228730823	0.006136680613668061	0.010320781032078103	0.017294281729428172	0.036541143654114365	0.00502092050209205	0.020362622036262202	0.0	0.014783821478382147	0.0	0.009762900976290097	0.03347280334728033	0.058577405857740586	0.010599721059972107	0.02594142259414226	0.016178521617852163	0.017573221757322177	0.00697350069735007	0.010878661087866108	0.012273361227336122	0.026778242677824266	0.002510460251046025	0.01506276150627615	0.005299860529986053	0.008647140864714086	0.0016736401673640166	0.004741980474198048	0.030404463040446306	0.06248256624825663	0.011715481171548118	0.03347280334728033	0.015899581589958158	0.013110181311018132	0.007252440725244073	0.008089260808926082	0.018410041841004185	0.04602510460251046	0.00502092050209205	0.016178521617852163	0.014783821478382147	0.025662482566248257	0.002510460251046025	0.01199442119944212	0.012273361227336122	0.023430962343096235	0.0033472803347280333	0.009483960948396096	0.0	0.021199442119944213	0.0	0.00892608089260809	0.010878661087866108	0.023430962343096235	0.002789400278940028	0.0100418410041841	0.01896792189679219	0.005299860529986053	0.008647140864714086	0.002510460251046025	0.020641562064156207	0.05076708507670851	0.007531380753138075	0.021199442119944213
0.01506276150627615	0.022594142259414227	0.006415620641562064	0.010599721059972107	0.017573221757322177	0.036541143654114365	0.005299860529986053	0.0198047419804742	0.0	0.014504881450488146	0.0	0.0100418410041841	0.032635983263598324	0.05718270571827057	0.011436541143654114	0.027336122733612273	0.016178521617852163	0.01701534170153417	0.00697350069735007	0.011436541143654114	0.011436541143654114	0.026499302649930265	0.002789400278940028	0.015899581589958158	0.005578800557880056	0.008647140864714086	0.001394700139470014	0.004741980474198048	0.03096234309623431	0.06164574616457462	0.011436541143654114	0.034588563458856345	0.015899581589958158	0.012831241283124128	0.007252440725244073	0.008368200836820083	0.018688981868898186	0.04574616457461646	0.004741980474198048	0.016457461645746164	0.014225941422594143	0.026220362622036263	0.002510460251046025	0.01199442119944212	0.012552301255230125	0.02315202231520223	0.0033472803347280333	0.009483960948396096	0.0	0.02092050209205021	0.0	0.009205020920502092	0.010878661087866108	0.02398884239888424	0.002789400278940028	0.009483960948396096	0.019246861924686193	0.005299860529986053	0.008368200836820083	0.002510460251046025	0.020362622036262202	0.0502092050209205	0.007252440725244073	0.021757322175732216
0.014504881450488146	0.02287308228730823	0.00697350069735007	0.010320781032078103	0.016736401673640166	0.036541143654114365	0.006136680613668061	0.0198047419804742	0.0	0.01506276150627615	0.0	0.009483960948396096	0.032357043235704326	0.05690376569037657	0.011715481171548118	0.027615062761506277	0.016178521617852163	0.016457461645746164	0.00697350069735007	0.01199442119944212	0.011157601115760111	0.026499302649930265	0.0030683403068340305	0.015899581589958158	0.005578800557880056	0.008647140864714086	0.001394700139470014	0.004741980474198048	0.031799163179916316	0.06276150627615062	0.010599721059972107	0.03430962343096234	0.016736401673640166	0.013110181311018132	0.006415620641562064	0.008089260808926082	0.017573221757322177	0.04546722454672245	0.00502092050209205	0.017573221757322177	0.01394700139470014	0.025662482566248257	0.002789400278940028	0.012552301255230125	0.01199442119944212	0.02398884239888424	0.003905160390516039	0.008647140864714086	0.0	0.021199442119944213	0.0	0.00892608089260809	0.010878661087866108	0.023430962343096235	0.002510460251046025	0.010320781032078103	0.019246861924686193	0.005299860529986053	0.008368200836820083	0.002510460251046025	0.019525801952580194	0.0502092050209205	0.007252440725244073	0.021757322175732216
0.014504881450488146	0.022594142259414227	0.00697350069735007	0.010599721059972107	0.016736401673640166	0.03709902370990237	0.006415620641562064	0.01896792189679219	0.0	0.01506276150627615	0.0	0.009483960948396096	0.032357043235704326	0.05690376569037657	0.011715481171548118	0.027615062761506277	0.016178521617852163	0.016457461645746164	0.00697350069735007	0.01199442119944212	0.011715481171548118	0.026220362622036263	0.002789400278940028	0.015899581589958158	0.005578800557880056	0.008647140864714086	0.001394700139470014	0.004741980474198048	0.03291492329149233	0.06331938633193863	0.009205020920502092	0.03347280334728033	0.017294281729428172	0.013110181311018132	0.005857740585774059	0.008089260808926082	0.017573221757322177	0.04546722454672245	0.00502092050209205	0.017573221757322177	0.014783821478382147	0.02510460251046025	0.002789400278940028	0.012273361227336122	0.011715481171548118	0.024267782426778243	0.0041841004184100415	0.008368200836820083	0.0	0.02092050209205021	0.0	0.009205020920502092	0.010878661087866108	0.023709902370990237	0.002510460251046025	0.0100418410041841	0.0198047419804742	0.005578800557880056	0.007810320781032078	0.0022315202231520223	0.019525801952580194	0.049930264993026496	0.007810320781032078	0.02203626220362622
0.014504881450488146	0.022594142259414227	0.00697350069735007	0.010599721059972107	0.016457461645746164	0.03737796373779637	0.006415620641562064	0.01896792189679219	0.0	0.015341701534170154	0.0	0.009205020920502092	0.03207810320781032	0.05746164574616457	0.01199442119944212	0.02705718270571827	0.016178521617852163	0.016457461645746164	0.00697350069735007	0.01199442119944212	0.011436541143654114	0.026778242677824266	0.0030683403068340305	0.015341701534170154	0.005578800557880056	0.008647140864714086	0.001394700139470014	0.004741980474198048	0.032635983263598324	0.06415620641562064	0.00892608089260809	0.03291492329149233	0.016736401673640166	0.013389121338912133	0.006415620641562064	0.007810320781032078	0.018688981868898186	0.045188284518828455	0.004463040446304045	0.017294281729428172	0.014225941422594143	0.025662482566248257	0.002789400278940028	0.012273361227336122	0.01199442119944212	0.024546722454672244	0.003905160390516039	0.008089260808926082	0.0	0.02092050209205021	0.0	0.009205020920502092	0.011157601115760111	0.02398884239888424	0.002510460251046025	0.009483960948396096	0.020362622036262202	0.005578800557880056	0.007252440725244073	0.0022315202231520223	0.020641562064156207	0.0502092050209205	0.00697350069735007	0.021757322175732216
0.014783821478382147	0.022315202231520222	0.0066945606694560665	0.010878661087866108	0.015620641562064157	0.03821478382147838	0.006136680613668061	0.019246861924686193	0.0	0.014783821478382147	0.0	0.009762900976290097	0.031799163179916316	0.05690376569037657	0.012273361227336122	0.027615062761506277	0.015899581589958158	0.016736401673640166	0.007252440725244073	0.011715481171548118	0.01199442119944212	0.026499302649930265	0.002789400278940028	0.015341701534170154	0.005299860529986053	0.008647140864714086	0.0016736401673640166	0.004741980474198048	0.03375174337517434	0.06443514644351464	0.009205020920502092	0.032635983263598324	0.016457461645746164	0.014225941422594143	0.0066945606694560665	0.00697350069735007	0.01896792189679219	0.04574616457461646	0.003905160390516039	0.01701534170153417	0.014225941422594143	0.026220362622036263	0.002510460251046025	0.01199442119944212	0.012273361227336122	0.02398884239888424	0.003905160390516039	0.008368200836820083	0.0	0.020641562064156207	0.0	0.009483960948396096	0.011157601115760111	0.02510460251046025	0.0016736401673640166	0.009205020920502092	0.020641562064156207	0.005578800557880056	0.00697350069735007	0.0022315202231520223	0.019246861924686193	0.0496513249651325	0.00697350069735007	0.022315202231520222
0.01506276150627615	0.021757322175732216	0.006415620641562064	0.011436541143654114	0.016457461645746164	0.03709902370990237	0.005578800557880056	0.0200836820083682	0.0	0.015899581589958158	0.0	0.008647140864714086	0.032357043235704326	0.05718270571827057	0.011715481171548118	0.027336122733612273	0.015620641562064157	0.016736401673640166	0.007531380753138075	0.011715481171548118	0.011157601115760111	0.02594142259414226	0.0030683403068340305	0.016457461645746164	0.005299860529986053	0.008647140864714086	0.0016736401673640166	0.004741980474198048	0.03430962343096234	0.06443514644351464	0.0100418410041841	0.031799163179916316	0.016178521617852163	0.014504881450488146	0.00697350069735007	0.0066945606694560665	0.018688981868898186	0.04574616457461646	0.0041841004184100415	0.01701534170153417	0.01394700139470014	0.02594142259414226	0.002510460251046025	0.012552301255230125	0.012273361227336122	0.02482566248256625	0.0033472803347280333	0.008089260808926082	0.0	0.02092050209205021	0.0	0.009205020920502092	0.010599721059972107	0.02482566248256625	0.001394700139470014	0.010320781032078103	0.0200836820083682	0.005857740585774059	0.007531380753138075	0.0019525801952580196	0.019246861924686193	0.049930264993026496	0.006415620641562064	0.02203626220362622
0.014504881450488146	0.02203626220362622	0.00697350069735007	0.011157601115760111	0.01506276150627615	0.03765690376569038	0.0066945606694560665	0.0198047419804742	0.0	0.015899581589958158	0.0	0.008647140864714086	0.032635983263598324	0.05690376569037657	0.011436541143654114	0.027615062761506277	0.015899581589958158	0.017294281729428172	0.007252440725244073	0.011157601115760111	0.011157601115760111	0.025662482566248257	0.0033472803347280333	0.016457461645746164	0.005299860529986053	0.00892608089260809	0.0016736401673640166	0.004463040446304045	0.03403068340306834	0.06666666666666667	0.009483960948396096	0.031241283124128313	0.016736401673640166	0.014783821478382147	0.006415620641562064	0.006415620641562064	0.01896792189679219	0.04546722454672245	0.004463040446304045	0.016736401673640166	0.01394700139470014	0.025383542538354256	0.002510460251046025	0.013110181311018132	0.011436541143654114	0.025662482566248257	0.003905160390516039	0.007531380753138075	0.0	0.02092050209205021	0.0	0.009205020920502092	0.010599721059972107	0.02510460251046025	0.001394700139470014	0.0100418410041841	0.0200836820083682	0.005857740585774059	0.007531380753138075	0.0019525801952580196	0.018688981868898186	0.0502092050209205	0.006136680613668061	0.021757322175732216
0.01506276150627615	0.02203626220362622	0.006415620641562064	0.011157601115760111	0.01506276150627615	0.03737796373779637	0.00697350069735007	0.0198047419804742	0.0	0.016178521617852163	0.0	0.008368200836820083	0.032357043235704326	0.05746164574616457	0.011715481171548118	0.02705718270571827	0.015620641562064157	0.017294281729428172	0.007531380753138075	0.011157601115760111	0.011436541143654114	0.025662482566248257	0.0036262203626220364	0.015899581589958158	0.005299860529986053	0.008647140864714086	0.0016736401673640166	0.004741980474198048	0.035146443514644354	0.06778242677824267	0.009205020920502092	0.030404463040446306	0.016178521617852163	0.015341701534170154	0.00697350069735007	0.005857740585774059	0.01896792189679219	0.04407252440725244	0.004463040446304045	0.01813110181311018	0.01394700139470014	0.025383542538354256	0.002510460251046025	0.013110181311018132	0.011715481171548118	0.02482566248256625	0.0036262203626220364	0.008368200836820083	0.0	0.021478382147838215	0.0	0.008647140864714086	0.010320781032078103	0.02510460251046025	0.0016736401673640166	0.0100418410041841	0.020362622036262202	0.005578800557880056	0.007252440725244073	0.0022315202231520223	0.017573221757322177	0.049930264993026496	0.006136680613668061	0.02203626220362622
0.015341701534170154	0.02203626220362622	0.006136680613668061	0.011157601115760111	0.01506276150627615	0.038493723849372385	0.0066945606694560665	0.01896792189679219	0.0	0.01701534170153417	0.0	0.007531380753138075	0.032635983263598324	0.05801952580195258	0.011436541143654114	0.026499302649930265	0.015620641562064157	0.017294281729428172	0.007531380753138075	0.011157601115760111	0.011715481171548118	0.02510460251046025	0.0033472803347280333	0.016457461645746164	0.005299860529986053	0.008647140864714086	0.0016736401673640166	0.004741980474198048	0.03570432357043236	0.06778242677824267	0.009205020920502092	0.0301255230125523	0.016178521617852163	0.014783821478382147	0.00697350069735007	0.006415620641562064	0.019525801952580194	0.04379358437935844	0.003905160390516039	0.018410041841004185	0.013389121338912133	0.02510460251046025	0.0030683403068340305	0.013389121338912133	0.011436541143654114	0.025383542538354256	0.0033472803347280333	0.008368200836820083	0.0	0.021478382147838215	0.0	0.008647140864714086	0.0100418410041841	0.024546722454672244	0.0019525801952580196	0.010599721059972107	0.02092050209205021	0.005578800557880056	0.0066945606694560665	0.0022315202231520223	0.01701534170153417	0.049930264993026496	0.006415620641562064	0.02203626220362622
0.015341701534170154	0.021757322175732216	0.006136680613668061	0.011436541143654114	0.016178521617852163	0.03877266387726639	0.005857740585774059	0.018410041841004185	0.0	0.01701534170153417	0.0	0.007531380753138075	0.03207810320781032	0.05774058577405858	0.01199442119944212	0.026778242677824266	0.015620641562064157	0.016736401673640166	0.007531380753138075	0.011715481171548118	0.011436541143654114	0.025662482566248257	0.0030683403068340305	0.016457461645746164	0.00502092050209205	0.00892608089260809	0.0016736401673640166	0.004741980474198048	0.03542538354253835	0.06750348675034867	0.0100418410041841	0.0298465829846583	0.016178521617852163	0.01506276150627615	0.00697350069735007	0.006136680613668061	0.01813110181311018	0.04379358437935844	0.0041841004184100415	0.019525801952580194	0.012273361227336122	0.025383542538354256	0.0033472803347280333	0.01394700139470014	0.010599721059972107	0.02594142259414226	0.003905160390516039	0.008089260808926082	0.0	0.022315202231520222	0.0	0.007810320781032078	0.009762900976290097	0.024546722454672244	0.0019525801952580196	0.010878661087866108	0.020641562064156207	0.005299860529986053	0.00697350069735007	0.002510460251046025	0.016736401673640166	0.0496513249651325	0.0066945606694560665	0.022315202231520222
0.015620641562064157	0.02203626220362622	0.005857740585774059	0.011157601115760111	0.016457461645746164	0.038493723849372385	0.006415620641562064	0.01785216178521618	0.0	0.017573221757322177	0.0	0.00697350069735007	0.031799163179916316	0.05885634588563459	0.012273361227336122	0.025662482566248257	0.015620641562064157	0.016736401673640166	0.007531380753138075	0.011715481171548118	0.011715481171548118	0.02510460251046025	0.002510460251046025	0.017294281729428172	0.004741980474198048	0.009205020920502092	0.0016736401673640166	0.004741980474198048	0.03598326359832636	0.06750348675034867	0.010320781032078103	0.028730822873082287	0.015620641562064157	0.01506276150627615	0.007531380753138075	0.006136680613668061	0.01785216178521618	0.04379358437935844	0.003905160390516039	0.0200836820083682	0.012273361227336122	0.025662482566248257	0.0030683403068340305	0.01394700139470014	0.0100418410041841	0.026499302649930265	0.0036262203626220364	0.008368200836820083	0.0	0.021757322175732216	0.0	0.008368200836820083	0.010599721059972107	0.023709902370990237	0.0019525801952580196	0.010878661087866108	0.020362622036262202	0.005299860529986053	0.007252440725244073	0.002510460251046025	0.017573221757322177	0.04909344490934449	0.006136680613668061	0.02287308228730823
0.015899581589958158	0.022594142259414227	0.005578800557880056	0.010599721059972107	0.017294281729428172	0.03821478382147838	0.006136680613668061	0.017573221757322177	0.0	0.016736401673640166	0.0	0.007810320781032078	0.03207810320781032	0.05774058577405858	0.01199442119944212	0.026778242677824266	0.015899581589958158	0.016736401673640166	0.007252440725244073	0.011715481171548118	0.011436541143654114	0.025662482566248257	0.002510460251046025	0.01701534170153417	0.004741980474198048	0.00892608089260809	0.001394700139470014	0.005299860529986053	0.03570432357043236	0.06750348675034867	0.010320781032078103	0.02900976290097629	0.015341701534170154	0.015341701534170154	0.007810320781032078	0.005857740585774059	0.017294281729428172	0.04490934449093445	0.0041841004184100415	0.019246861924686193	0.012552301255230125	0.024546722454672244	0.0033472803347280333	0.014504881450488146	0.0100418410041841	0.026220362622036263	0.003905160390516039	0.008368200836820083	0.0	0.021757322175732216	0.0	0.008368200836820083	0.010320781032078103	0.023430962343096235	0.0019525801952580196	0.011436541143654114	0.02092050209205021	0.005299860529986053	0.0066945606694560665	0.002510460251046025	0.018410041841004185	0.0496513249651325	0.005299860529986053	0.022315202231520222
0.016457461645746164	0.022315202231520222	0.00502092050209205	0.010878661087866108	0.017294281729428172	0.03877266387726639	0.005857740585774059	0.017294281729428172	0.0	0.016736401673640166	0.0	0.007810320781032078	0.03207810320781032	0.05801952580195258	0.01199442119944212	0.026499302649930265	0.015899581589958158	0.016457461645746164	0.007252440725244073	0.01199442119944212	0.011436541143654114	0.025662482566248257	0.002789400278940028	0.016736401673640166	0.005299860529986053	0.00892608089260809	0.0011157601115760112	0.00502092050209205	0.03430962343096234	0.0694560669456067	0.0100418410041841	0.028451882845188285	0.01506276150627615	0.015620641562064157	0.008089260808926082	0.005578800557880056	0.01813110181311018	0.043235704323570434	0.0041841004184100415	0.0200836820083682	0.012273361227336122	0.024546722454672244	0.0036262203626220364	0.014504881450488146	0.0100418410041841	0.026499302649930265	0.0041841004184100415	0.007810320781032078	0.0	0.021478382147838215	0.0	0.008647140864714086	0.008647140864714086	0.023709902370990237	0.002510460251046025	0.012273361227336122	0.020362622036262202	0.005299860529986053	0.007252440725244073	0.002510460251046025	0.019246861924686193	0.0496513249651325	0.004741980474198048	0.022315202231520222
0.016178521617852163	0.022594142259414227	0.005299860529986053	0.010599721059972107	0.017573221757322177	0.03933054393305439	0.005578800557880056	0.016736401673640166	0.0	0.016178521617852163	0.0	0.008368200836820083	0.031799163179916316	0.05774058577405858	0.012273361227336122	0.026778242677824266	0.016178521617852163	0.017294281729428172	0.00697350069735007	0.011157601115760111	0.011715481171548118	0.025662482566248257	0.002510460251046025	0.016736401673640166	0.005299860529986053	0.009205020920502092	0.0011157601115760112	0.004741980474198048	0.03291492329149233	0.07140864714086471	0.010599721059972107	0.027336122733612273	0.01506276150627615	0.015341701534170154	0.008089260808926082	0.005857740585774059	0.01813110181311018	0.04351464435146443	0.0041841004184100415	0.0198047419804742	0.01199442119944212	0.024546722454672244	0.003905160390516039	0.014504881450488146	0.009483960948396096	0.026778242677824266	0.0041841004184100415	0.008089260808926082	0.0	0.021757322175732216	0.0	0.008368200836820083	0.007810320781032078	0.023709902370990237	0.002789400278940028	0.012831241283124128	0.020362622036262202	0.005299860529986053	0.007252440725244073	0.002510460251046025	0.019525801952580194	0.049372384937238493	0.004463040446304045	0.022594142259414227
0.01701534170153417	0.02287308228730823	0.004463040446304045	0.010320781032078103	0.01813110181311018	0.040725244072524404	0.005299860529986053	0.01506276150627615	0.0	0.016178521617852163	0.0	0.008368200836820083	0.032635983263598324	0.058577405857740586	0.011436541143654114	0.02594142259414226	0.016736401673640166	0.016736401673640166	0.006415620641562064	0.011715481171548118	0.011157601115760111	0.026499302649930265	0.0030683403068340305	0.015899581589958158	0.004741980474198048	0.008647140864714086	0.0016736401673640166	0.005299860529986053	0.032635983263598324	0.07196652719665272	0.010599721059972107	0.027336122733612273	0.014504881450488146	0.015620641562064157	0.008647140864714086	0.005578800557880056	0.01785216178521618	0.04407252440725244	0.0041841004184100415	0.019525801952580194	0.012273361227336122	0.02510460251046025	0.0033472803347280333	0.014225941422594143	0.009762900976290097	0.026220362622036263	0.0041841004184100415	0.008368200836820083	0.0	0.021757322175732216	0.0	0.008368200836820083	0.007810320781032078	0.02398884239888424	0.002510460251046025	0.012831241283124128	0.0200836820083682	0.005299860529986053	0.007531380753138075	0.002510460251046025	0.01896792189679219	0.049372384937238493	0.004741980474198048	0.022594142259414227
0.01701534170153417	0.02287308228730823	0.004463040446304045	0.010320781032078103	0.017573221757322177	0.041283124128312414	0.005299860529986053	0.01506276150627615	0.0	0.016457461645746164	0.0	0.008089260808926082	0.031799163179916316	0.0596931659693166	0.012273361227336122	0.02482566248256625	0.01701534170153417	0.016178521617852163	0.006136680613668061	0.012273361227336122	0.010878661087866108	0.026220362622036263	0.0030683403068340305	0.016457461645746164	0.00502092050209205	0.008647140864714086	0.0016736401673640166	0.00502092050209205	0.03291492329149233	0.07168758716875871	0.009762900976290097	0.02817294281729428	0.014504881450488146	0.01506276150627615	0.008647140864714086	0.006136680613668061	0.016736401673640166	0.04379358437935844	0.00502092050209205	0.0200836820083682	0.01199442119944212	0.02482566248256625	0.003905160390516039	0.014225941422594143	0.008647140864714086	0.026499302649930265	0.004463040446304045	0.00892608089260809	0.0	0.02203626220362622	0.0	0.008089260808926082	0.008368200836820083	0.024267782426778243	0.0019525801952580196	0.012552301255230125	0.0200836820083682	0.005299860529986053	0.007531380753138075	0.002510460251046025	0.018410041841004185	0.04909344490934449	0.005299860529986053	0.02287308228730823
0.01701534170153417	0.02315202231520223	0.004463040446304045	0.0100418410041841	0.017573221757322177	0.042398884239888426	0.004741980474198048	0.014504881450488146	0.0	0.016457461645746164	0.0	0.008089260808926082	0.031799163179916316	0.05913528591352859	0.012273361227336122	0.025383542538354256	0.01701534170153417	0.01701534170153417	0.006136680613668061	0.011436541143654114	0.01199442119944212	0.02594142259414226	0.0030683403068340305	0.015620641562064157	0.0041841004184100415	0.00892608089260809	0.0019525801952580196	0.005299860529986053	0.03347280334728033	0.07196652719665272	0.009483960948396096	0.027615062761506277	0.014504881450488146	0.01506276150627615	0.008647140864714086	0.006136680613668061	0.016457461645746164	0.04379358437935844	0.004741980474198048	0.020641562064156207	0.010599721059972107	0.026499302649930265	0.0041841004184100415	0.013668061366806136	0.008368200836820083	0.02594142259414226	0.004463040446304045	0.009762900976290097	0.0	0.022315202231520222	0.0	0.007810320781032078	0.008089260808926082	0.025383542538354256	0.0022315202231520223	0.011436541143654114	0.0200836820083682	0.005299860529986053	0.007531380753138075	0.002510460251046025	0.01896792189679219	0.04825662482566248	0.004741980474198048	0.023709902370990237
0.01701534170153417	0.02287308228730823	0.004463040446304045	0.010320781032078103	0.016457461645746164	0.04156206415620642	0.004741980474198048	0.016457461645746164	0.0	0.016457461645746164	0.0	0.008089260808926082	0.03152022315202232	0.05885634588563459	0.012552301255230125	0.025662482566248257	0.01785216178521618	0.01701534170153417	0.005299860529986053	0.011436541143654114	0.01199442119944212	0.026499302649930265	0.0030683403068340305	0.01506276150627615	0.0041841004184100415	0.009205020920502092	0.001394700139470014	0.005578800557880056	0.03486750348675035	0.07224546722454672	0.009205020920502092	0.026220362622036263	0.014225941422594143	0.01506276150627615	0.00892608089260809	0.006136680613668061	0.01506276150627615	0.044630404463040445	0.005299860529986053	0.020641562064156207	0.0100418410041841	0.02705718270571827	0.004741980474198048	0.013110181311018132	0.008368200836820083	0.026499302649930265	0.0041841004184100415	0.009483960948396096	0.0	0.02287308228730823	0.0	0.007252440725244073	0.007810320781032078	0.026220362622036263	0.002510460251046025	0.010599721059972107	0.0200836820083682	0.005299860529986053	0.007531380753138075	0.002510460251046025	0.019246861924686193	0.04797768479776848	0.004463040446304045	0.02398884239888424
0.016457461645746164	0.023430962343096235	0.00502092050209205	0.009762900976290097	0.015620641562064157	0.040446304044630406	0.004463040446304045	0.018688981868898186	0.0	0.016178521617852163	0.0	0.008368200836820083	0.031241283124128313	0.059414225941422594	0.012831241283124128	0.02510460251046025	0.01785216178521618	0.01701534170153417	0.005299860529986053	0.011436541143654114	0.011715481171548118	0.02705718270571827	0.0030683403068340305	0.014783821478382147	0.003905160390516039	0.009483960948396096	0.001394700139470014	0.005578800557880056	0.03403068340306834	0.07140864714086471	0.009483960948396096	0.027615062761506277	0.01394700139470014	0.015620641562064157	0.009205020920502092	0.005578800557880056	0.015620641562064157	0.04490934449093445	0.00502092050209205	0.0200836820083682	0.0100418410041841	0.026778242677824266	0.005299860529986053	0.012831241283124128	0.00892608089260809	0.02594142259414226	0.0033472803347280333	0.010320781032078103	0.0	0.022594142259414227	0.0	0.007531380753138075	0.008089260808926082	0.02594142259414226	0.002510460251046025	0.010599721059972107	0.0200836820083682	0.005299860529986053	0.007531380753138075	0.002510460251046025	0.0198047419804742	0.04686192468619247	0.003905160390516039	0.02510460251046025
0.016457461645746164	0.022594142259414227	0.00502092050209205	0.010599721059972107	0.01506276150627615	0.04156206415620642	0.003905160390516039	0.018688981868898186	0.0	0.016178521617852163	0.0	0.008368200836820083	0.03096234309623431	0.0599721059972106	0.013110181311018132	0.024546722454672244	0.017573221757322177	0.017294281729428172	0.005578800557880056	0.011157601115760111	0.012273361227336122	0.026499302649930265	0.002789400278940028	0.01506276150627615	0.0036262203626220364	0.009762900976290097	0.001394700139470014	0.005578800557880056	0.032357043235704326	0.0694560669456067	0.009762900976290097	0.0298465829846583	0.014225941422594143	0.015620641562064157	0.00892608089260809	0.005578800557880056	0.016178521617852163	0.04407252440725244	0.005299860529986053	0.0200836820083682	0.0100418410041841	0.02705718270571827	0.00502092050209205	0.012831241283124128	0.00892608089260809	0.02594142259414226	0.0033472803347280333	0.010320781032078103	0.0	0.02315202231520223	0.0	0.00697350069735007	0.007810320781032078	0.026778242677824266	0.002510460251046025	0.0100418410041841	0.0200836820083682	0.005299860529986053	0.007531380753138075	0.002510460251046025	0.020641562064156207	0.04769874476987448	0.0041841004184100415	0.024267782426778243
0.016457461645746164	0.022594142259414227	0.00502092050209205	0.010599721059972107	0.014783821478382147	0.040446304044630406	0.004463040446304045	0.019525801952580194	0.0	0.016736401673640166	0.0	0.007810320781032078	0.0301255230125523	0.05885634588563459	0.01394700139470014	0.025662482566248257	0.017573221757322177	0.017294281729428172	0.005578800557880056	0.011157601115760111	0.011715481171548118	0.027336122733612273	0.0036262203626220364	0.01394700139470014	0.0036262203626220364	0.009762900976290097	0.001394700139470014	0.005578800557880056	0.033193863319386334	0.0700139470013947	0.008647140864714086	0.0301255230125523	0.014783821478382147	0.015341701534170154	0.008368200836820083	0.005857740585774059	0.016178521617852163	0.044630404463040445	0.005578800557880056	0.019246861924686193	0.009483960948396096	0.027615062761506277	0.00502092050209205	0.012831241283124128	0.008368200836820083	0.025662482566248257	0.003905160390516039	0.010599721059972107	0.0	0.023430962343096235	0.0	0.0066945606694560665	0.008089260808926082	0.026499302649930265	0.0022315202231520223	0.010320781032078103	0.020641562064156207	0.005299860529986053	0.00697350069735007	0.002510460251046025	0.020362622036262202	0.04714086471408647	0.003905160390516039	0.02482566248256625
0.016178521617852163	0.022594142259414227	0.005299860529986053	0.010599721059972107	0.014783821478382147	0.0401673640167364	0.004463040446304045	0.0198047419804742	0.0	0.01701534170153417	0.0	0.007531380753138075	0.030404463040446306	0.05913528591352859	0.013668061366806136	0.025383542538354256	0.018410041841004185	0.01701534170153417	0.004741980474198048	0.011436541143654114	0.012552301255230125	0.026499302649930265	0.0030683403068340305	0.014504881450488146	0.0036262203626220364	0.009762900976290097	0.001394700139470014	0.005578800557880056	0.03291492329149233	0.0694560669456067	0.008647140864714086	0.031241283124128313	0.014504881450488146	0.015620641562064157	0.008647140864714086	0.005578800557880056	0.016178521617852163	0.04407252440725244	0.00502092050209205	0.020362622036262202	0.010320781032078103	0.02705718270571827	0.00502092050209205	0.012552301255230125	0.009205020920502092	0.025662482566248257	0.0036262203626220364	0.0100418410041841	0.0	0.02315202231520223	0.0	0.00697350069735007	0.007810320781032078	0.026778242677824266	0.002510460251046025	0.0100418410041841	0.021199442119944213	0.00502092050209205	0.006415620641562064	0.002789400278940028	0.0200836820083682	0.04909344490934449	0.003905160390516039	0.02287308228730823
0.016457461645746164	0.02315202231520223	0.00502092050209205	0.0100418410041841	0.014225941422594143	0.04156206415620642	0.0041841004184100415	0.019246861924686193	0.0	0.017294281729428172	0.0	0.007252440725244073	0.030683403068340307	0.0596931659693166	0.013389121338912133	0.02482566248256625	0.018410041841004185	0.017294281729428172	0.004741980474198048	0.011157601115760111	0.012552301255230125	0.026778242677824266	0.0030683403068340305	0.014225941422594143	0.0033472803347280333	0.009762900976290097	0.0016736401673640166	0.005578800557880056	0.031799163179916316	0.06889818688981869	0.009483960948396096	0.03096234309623431	0.01506276150627615	0.015620641562064157	0.008089260808926082	0.005578800557880056	0.016457461645746164	0.04435146443514645	0.004741980474198048	0.0200836820083682	0.010320781032078103	0.027615062761506277	0.004741980474198048	0.012273361227336122	0.009205020920502092	0.025662482566248257	0.0033472803347280333	0.010320781032078103	0.0	0.02287308228730823	0.0	0.007252440725244073	0.008089260808926082	0.027336122733612273	0.0022315202231520223	0.009483960948396096	0.021199442119944213	0.00502092050209205	0.006415620641562064	0.002789400278940028	0.02092050209205021	0.048535564853556486	0.0041841004184100415	0.023430962343096235
0.016457461645746164	0.023430962343096235	0.00502092050209205	0.009762900976290097	0.014504881450488146	0.040725244072524404	0.004463040446304045	0.019525801952580194	0.0	0.017294281729428172	0.0	0.007252440725244073	0.030683403068340307	0.05885634588563459	0.013389121338912133	0.025662482566248257	0.01813110181311018	0.017294281729428172	0.00502092050209205	0.011157601115760111	0.01199442119944212	0.027336122733612273	0.0033472803347280333	0.01394700139470014	0.0033472803347280333	0.009483960948396096	0.001394700139470014	0.006136680613668061	0.03375174337517434	0.06861924686192468	0.009762900976290097	0.030683403068340307	0.015341701534170154	0.015620641562064157	0.007810320781032078	0.005578800557880056	0.016178521617852163	0.04351464435146443	0.004463040446304045	0.021478382147838215	0.010878661087866108	0.027336122733612273	0.0041841004184100415	0.012552301255230125	0.009205020920502092	0.025383542538354256	0.0036262203626220364	0.010320781032078103	0.0	0.023430962343096235	0.0	0.0066945606694560665	0.007252440725244073	0.026499302649930265	0.002789400278940028	0.010599721059972107	0.021478382147838215	0.00502092050209205	0.006136680613668061	0.002789400278940028	0.018410041841004185	0.04769874476987448	0.00502092050209205	0.024267782426778243
0.016457461645746164	0.02315202231520223	0.00502092050209205	0.0100418410041841	0.014504881450488146	0.041283124128312414	0.004741980474198048	0.018688981868898186	0.0	0.017294281729428172	0.0	0.007252440725244073	0.031241283124128313	0.05913528591352859	0.012831241283124128	0.025383542538354256	0.01785216178521618	0.01701534170153417	0.005299860529986053	0.011436541143654114	0.011715481171548118	0.028730822873082287	0.0033472803347280333	0.012831241283124128	0.0033472803347280333	0.010320781032078103	0.001394700139470014	0.005299860529986053	0.031799163179916316	0.0694560669456067	0.00892608089260809	0.031799163179916316	0.015899581589958158	0.015620641562064157	0.007252440725244073	0.005578800557880056	0.017294281729428172	0.04211994421199442	0.003905160390516039	0.022315202231520222	0.011157601115760111	0.027336122733612273	0.003905160390516039	0.012552301255230125	0.008089260808926082	0.02594142259414226	0.0041841004184100415	0.010320781032078103	0.0	0.02315202231520223	0.0	0.00697350069735007	0.00697350069735007	0.026499302649930265	0.0030683403068340305	0.010599721059972107	0.021478382147838215	0.005299860529986053	0.006136680613668061	0.002510460251046025	0.019246861924686193	0.04769874476987448	0.00502092050209205	0.024267782426778243
0.016736401673640166	0.023430962343096235	0.004741980474198048	0.009762900976290097	0.01506276150627615	0.041283124128312414	0.004463040446304045	0.018410041841004185	0.0	0.01813110181311018	0.0	0.006415620641562064	0.031241283124128313	0.059414225941422594	0.012831241283124128	0.02510460251046025	0.018410041841004185	0.01701534170153417	0.004741980474198048	0.011436541143654114	0.01199442119944212	0.02900976290097629	0.0036262203626220364	0.01199442119944212	0.0033472803347280333	0.010320781032078103	0.001394700139470014	0.005299860529986053	0.030404463040446306	0.0700139470013947	0.009483960948396096	0.03096234309623431	0.016178521617852163	0.015620641562064157	0.00697350069735007	0.005578800557880056	0.018410041841004185	0.04100418410041841	0.0030683403068340305	0.02315202231520223	0.01199442119944212	0.026220362622036263	0.0036262203626220364	0.013110181311018132	0.008089260808926082	0.026778242677824266	0.0036262203626220364	0.0100418410041841	0.0	0.02287308228730823	0.0	0.007252440725244073	0.007252440725244073	0.02594142259414226	0.0030683403068340305	0.010878661087866108	0.021478382147838215	0.005578800557880056	0.006136680613668061	0.0022315202231520223	0.0200836820083682	0.04769874476987448	0.005299860529986053	0.024267782426778243
0.016736401673640166	0.023430962343096235	0.004741980474198048	0.009762900976290097	0.01506276150627615	0.041283124128312414	0.003905160390516039	0.01896792189679219	0.0	0.01813110181311018	0.0	0.006415620641562064	0.031799163179916316	0.059414225941422594	0.012273361227336122	0.02510460251046025	0.01813110181311018	0.017294281729428172	0.00502092050209205	0.011157601115760111	0.011436541143654114	0.029288702928870293	0.0036262203626220364	0.012273361227336122	0.0036262203626220364	0.0100418410041841	0.001394700139470014	0.005299860529986053	0.03096234309623431	0.0694560669456067	0.009483960948396096	0.03152022315202232	0.015620641562064157	0.015899581589958158	0.007531380753138075	0.005299860529986053	0.01785216178521618	0.04295676429567643	0.0030683403068340305	0.021757322175732216	0.011436541143654114	0.026778242677824266	0.0036262203626220364	0.013110181311018132	0.008647140864714086	0.026778242677824266	0.0033472803347280333	0.009762900976290097	0.0	0.02287308228730823	0.0	0.007252440725244073	0.00697350069735007	0.026778242677824266	0.003905160390516039	0.009483960948396096	0.021478382147838215	0.005299860529986053	0.006136680613668061	0.002510460251046025	0.0200836820083682	0.04714086471408647	0.004741980474198048	0.02482566248256625
0.016736401673640166	0.024546722454672244	0.004741980474198048	0.008647140864714086	0.014504881450488146	0.04156206415620642	0.0041841004184100415	0.01896792189679219	0.0	0.018688981868898186	0.0	0.005857740585774059	0.031799163179916316	0.05885634588563459	0.012273361227336122	0.025662482566248257	0.017573221757322177	0.01785216178521618	0.005578800557880056	0.010599721059972107	0.011157601115760111	0.02900976290097629	0.0036262203626220364	0.012831241283124128	0.0041841004184100415	0.0100418410041841	0.0011157601115760112	0.00502092050209205	0.03152022315202232	0.0694560669456067	0.008647140864714086	0.032357043235704326	0.016178521617852163	0.015620641562064157	0.00697350069735007	0.005578800557880056	0.017294281729428172	0.042677824267782424	0.0033472803347280333	0.022315202231520222	0.011715481171548118	0.026499302649930265	0.0036262203626220364	0.013110181311018132	0.008647140864714086	0.027336122733612273	0.002789400278940028	0.009762900976290097	0.0	0.02315202231520223	0.0	0.00697350069735007	0.007252440725244073	0.026778242677824266	0.0036262203626220364	0.009483960948396096	0.021478382147838215	0.005299860529986053	0.006136680613668061	0.002510460251046025	0.019246861924686193	0.04741980474198047	0.00502092050209205	0.024546722454672244
0.016736401673640166	0.02482566248256625	0.004741980474198048	0.008368200836820083	0.01506276150627615	0.04156206415620642	0.003905160390516039	0.018688981868898186	0.0	0.01813110181311018	0.0	0.006415620641562064	0.03096234309623431	0.0599721059972106	0.013110181311018132	0.024546722454672244	0.01785216178521618	0.018410041841004185	0.005299860529986053	0.0100418410041841	0.011157601115760111	0.028730822873082287	0.0033472803347280333	0.013389121338912133	0.003905160390516039	0.010599721059972107	0.0011157601115760112	0.004741980474198048	0.03207810320781032	0.0700139470013947	0.008368200836820083	0.031799163179916316	0.015899581589958158	0.015899581589958158	0.007252440725244073	0.005299860529986053	0.01785216178521618	0.043235704323570434	0.0030683403068340305	0.021478382147838215	0.01199442119944212	0.02705718270571827	0.003905160390516039	0.01199442119944212	0.008089260808926082	0.02789400278940028	0.0030683403068340305	0.009483960948396096	0.0	0.023430962343096235	0.0	0.0066945606694560665	0.007252440725244073	0.026220362622036263	0.0036262203626220364	0.0100418410041841	0.021199442119944213	0.005299860529986053	0.006415620641562064	0.002510460251046025	0.019246861924686193	0.04741980474198047	0.004741980474198048	0.024546722454672244
0.016457461645746164	0.02482566248256625	0.00502092050209205	0.008368200836820083	0.015620641562064157	0.040446304044630406	0.0041841004184100415	0.01896792189679219	0.0	0.017294281729428172	0.0	0.007252440725244073	0.0301255230125523	0.059414225941422594	0.01394700139470014	0.02510460251046025	0.01813110181311018	0.01896792189679219	0.00502092050209205	0.009483960948396096	0.010878661087866108	0.028730822873082287	0.0033472803347280333	0.013668061366806136	0.003905160390516039	0.010320781032078103	0.0011157601115760112	0.00502092050209205	0.031799163179916316	0.0708507670850767	0.009205020920502092	0.030683403068340307	0.015899581589958158	0.016178521617852163	0.007252440725244073	0.00502092050209205	0.018410041841004185	0.04379358437935844	0.0030683403068340305	0.020362622036262202	0.01199442119944212	0.027336122733612273	0.003905160390516039	0.011715481171548118	0.008647140864714086	0.027615062761506277	0.002789400278940028	0.009483960948396096	0.0	0.02315202231520223	0.0	0.00697350069735007	0.007252440725244073	0.02594142259414226	0.0041841004184100415	0.009762900976290097	0.021199442119944213	0.005299860529986053	0.006415620641562064	0.002510460251046025	0.019525801952580194	0.04769874476987448	0.0041841004184100415	0.024267782426778243
0.016457461645746164	0.024267782426778243	0.00502092050209205	0.00892608089260809	0.01506276150627615	0.04100418410041841	0.003905160390516039	0.019246861924686193	0.0	0.017294281729428172	0.0	0.007252440725244073	0.030683403068340307	0.0599721059972106	0.013389121338912133	0.024546722454672244	0.01813110181311018	0.01896792189679219	0.00502092050209205	0.009483960948396096	0.011157601115760111	0.02817294281729428	0.0030683403068340305	0.014225941422594143	0.0033472803347280333	0.010599721059972107	0.0011157601115760112	0.005299860529986053	0.033193863319386334	0.07112970711297072	0.009483960948396096	0.029567642956764294	0.016178521617852163	0.016178521617852163	0.00697350069735007	0.00502092050209205	0.01785216178521618	0.04407252440725244	0.002789400278940028	0.02092050209205021	0.01199442119944212	0.027615062761506277	0.003905160390516039	0.011436541143654114	0.008647140864714086	0.027615062761506277	0.002789400278940028	0.009483960948396096	0.0	0.02315202231520223	0.0	0.00697350069735007	0.007252440725244073	0.02594142259414226	0.0041841004184100415	0.009762900976290097	0.021478382147838215	0.005299860529986053	0.006136680613668061	0.002510460251046025	0.019246861924686193	0.04825662482566248	0.0036262203626220364	0.023709902370990237
0.016736401673640166	0.02482566248256625	0.004741980474198048	0.008368200836820083	0.01506276150627615	0.04156206415620642	0.0041841004184100415	0.018410041841004185	0.0	0.016457461645746164	0.0	0.008089260808926082	0.03096234309623431	0.0602510460251046	0.013110181311018132	0.024267782426778243	0.018410041841004185	0.018688981868898186	0.004741980474198048	0.009762900976290097	0.010878661087866108	0.028730822873082287	0.0030683403068340305	0.01394700139470014	0.0036262203626220364	0.010878661087866108	0.0008368200836820083	0.00502092050209205	0.033193863319386334	0.0705718270571827	0.00892608089260809	0.029288702928870293	0.015899581589958158	0.016457461645746164	0.007252440725244073	0.004741980474198048	0.017294281729428172	0.04490934449093445	0.002789400278940028	0.020641562064156207	0.01199442119944212	0.02789400278940028	0.0036262203626220364	0.011436541143654114	0.008368200836820083	0.027336122733612273	0.0030683403068340305	0.009762900976290097	0.0	0.023430962343096235	0.0	0.0066945606694560665	0.007810320781032078	0.026499302649930265	0.0036262203626220364	0.009205020920502092	0.021478382147838215	0.005578800557880056	0.006136680613668061	0.0022315202231520223	0.0198047419804742	0.04909344490934449	0.004463040446304045	0.02287308228730823
0.01701534170153417	0.023430962343096235	0.004463040446304045	0.009762900976290097	0.01506276150627615	0.04100418410041841	0.004463040446304045	0.018688981868898186	0.0	0.015620641562064157	0.0	0.00892608089260809	0.0301255230125523	0.0599721059972106	0.01394700139470014	0.024546722454672244	0.01813110181311018	0.01813110181311018	0.00502092050209205	0.010320781032078103	0.010878661087866108	0.02817294281729428	0.0036262203626220364	0.01394700139470014	0.0036262203626220364	0.011157601115760111	0.0005578800557880056	0.00502092050209205	0.03291492329149233	0.0697350069735007	0.008089260808926082	0.03152022315202232	0.016178521617852163	0.016457461645746164	0.00697350069735007	0.004741980474198048	0.016736401673640166	0.04407252440725244	0.002789400278940028	0.02203626220362622	0.011715481171548118	0.028451882845188285	0.0036262203626220364	0.011157601115760111	0.008647140864714086	0.02594142259414226	0.0030683403068340305	0.010878661087866108	0.0	0.02398884239888424	0.0	0.006136680613668061	0.007531380753138075	0.02705718270571827	0.0033472803347280333	0.009205020920502092	0.021757322175732216	0.005578800557880056	0.005857740585774059	0.0022315202231520223	0.019525801952580194	0.04881450488145049	0.004463040446304045	0.02315202231520223
0.01701534170153417	0.02315202231520223	0.004463040446304045	0.0100418410041841	0.01394700139470014	0.04156206415620642	0.00502092050209205	0.018688981868898186	0.0	0.015899581589958158	0.0	0.008647140864714086	0.030683403068340307	0.0602510460251046	0.013389121338912133	0.024267782426778243	0.01785216178521618	0.01896792189679219	0.005299860529986053	0.009483960948396096	0.011157601115760111	0.027615062761506277	0.003905160390516039	0.01394700139470014	0.0036262203626220364	0.011157601115760111	0.0005578800557880056	0.00502092050209205	0.03430962343096234	0.0697350069735007	0.007810320781032078	0.03096234309623431	0.015620641562064157	0.016736401673640166	0.007531380753138075	0.004463040446304045	0.01701534170153417	0.04435146443514645	0.002510460251046025	0.021757322175732216	0.012273361227336122	0.02817294281729428	0.0033472803347280333	0.011157601115760111	0.008647140864714086	0.02594142259414226	0.0033472803347280333	0.010599721059972107	0.0	0.024267782426778243	0.0	0.005857740585774059	0.007810320781032078	0.027615062761506277	0.0030683403068340305	0.008647140864714086	0.021478382147838215	0.005299860529986053	0.006136680613668061	0.002510460251046025	0.019246861924686193	0.048535564853556486	0.0041841004184100415	0.023430962343096235
0.017294281729428172	0.022594142259414227	0.0041841004184100415	0.010599721059972107	0.013389121338912133	0.04295676429567643	0.004741980474198048	0.01813110181311018	0.0	0.016178521617852163	0.0	0.008368200836820083	0.030404463040446306	0.060529986052998606	0.013668061366806136	0.02398884239888424	0.018688981868898186	0.01896792189679219	0.004463040446304045	0.009483960948396096	0.012273361227336122	0.027615062761506277	0.0030683403068340305	0.013668061366806136	0.0041841004184100415	0.010878661087866108	0.0005578800557880056	0.004741980474198048	0.035146443514644354	0.0700139470013947	0.00697350069735007	0.03096234309623431	0.015620641562064157	0.016736401673640166	0.007531380753138075	0.004463040446304045	0.016736401673640166	0.044630404463040445	0.002789400278940028	0.021478382147838215	0.012273361227336122	0.028451882845188285	0.0030683403068340305	0.011157601115760111	0.008089260808926082	0.02705718270571827	0.002789400278940028	0.010599721059972107	0.0	0.024267782426778243	0.0	0.005857740585774059	0.007252440725244073	0.027336122733612273	0.0033472803347280333	0.009205020920502092	0.02092050209205021	0.00502092050209205	0.0066945606694560665	0.002789400278940028	0.019246861924686193	0.04769874476987448	0.003905160390516039	0.024267782426778243
0.017294281729428172	0.022594142259414227	0.0041841004184100415	0.010599721059972107	0.013110181311018132	0.042677824267782424	0.00502092050209205	0.018410041841004185	0.0	0.016457461645746164	0.0	0.008089260808926082	0.03096234309623431	0.06080892608089261	0.013110181311018132	0.023709902370990237	0.01896792189679219	0.01896792189679219	0.0041841004184100415	0.009483960948396096	0.011715481171548118	0.02817294281729428	0.0030683403068340305	0.013668061366806136	0.0041841004184100415	0.010599721059972107	0.0005578800557880056	0.00502092050209205	0.035146443514644354	0.07112970711297072	0.007531380753138075	0.029567642956764294	0.01506276150627615	0.016457461645746164	0.008089260808926082	0.004741980474198048	0.017294281729428172	0.04407252440725244	0.0030683403068340305	0.021199442119944213	0.012273361227336122	0.028730822873082287	0.002789400278940028	0.011157601115760111	0.008368200836820083	0.02705718270571827	0.002789400278940028	0.010320781032078103	0.0	0.024267782426778243	0.0	0.005857740585774059	0.007531380753138075	0.026778242677824266	0.0030683403068340305	0.009762900976290097	0.020362622036262202	0.005299860529986053	0.007252440725244073	0.002510460251046025	0.019246861924686193	0.04797768479776848	0.0036262203626220364	0.02398884239888424
0.01701534170153417	0.022315202231520222	0.004463040446304045	0.010878661087866108	0.014225941422594143	0.043235704323570434	0.004741980474198048	0.01701534170153417	0.0	0.016736401673640166	0.0	0.007810320781032078	0.030683403068340307	0.06080892608089261	0.013389121338912133	0.023709902370990237	0.01896792189679219	0.019246861924686193	0.0041841004184100415	0.009205020920502092	0.011436541143654114	0.02817294281729428	0.0036262203626220364	0.013389121338912133	0.0041841004184100415	0.010599721059972107	0.0005578800557880056	0.00502092050209205	0.034588563458856345	0.07252440725244072	0.007531380753138075	0.029288702928870293	0.015620641562064157	0.016457461645746164	0.007531380753138075	0.004741980474198048	0.017573221757322177	0.04490934449093445	0.002789400278940028	0.020362622036262202	0.012831241283124128	0.02900976290097629	0.002789400278940028	0.010320781032078103	0.008368200836820083	0.027615062761506277	0.0022315202231520223	0.010320781032078103	0.0	0.023709902370990237	0.0	0.006415620641562064	0.007810320781032078	0.026778242677824266	0.002789400278940028	0.009762900976290097	0.020362622036262202	0.005299860529986053	0.007252440725244073	0.002510460251046025	0.018688981868898186	0.04769874476987448	0.0036262203626220364	0.024267782426778243
0.016457461645746164	0.022594142259414227	0.00502092050209205	0.010599721059972107	0.01506276150627615	0.04295676429567643	0.004741980474198048	0.016457461645746164	0.0	0.016736401673640166	0.0	0.007810320781032078	0.031241283124128313	0.06080892608089261	0.012831241283124128	0.023709902370990237	0.018688981868898186	0.019246861924686193	0.004463040446304045	0.009205020920502092	0.011157601115760111	0.026499302649930265	0.003905160390516039	0.01506276150627615	0.0041841004184100415	0.010599721059972107	0.0005578800557880056	0.00502092050209205	0.03430962343096234	0.07252440725244072	0.007531380753138075	0.029567642956764294	0.015620641562064157	0.016457461645746164	0.007531380753138075	0.004741980474198048	0.017294281729428172	0.04490934449093445	0.002789400278940028	0.020641562064156207	0.013110181311018132	0.028730822873082287	0.002510460251046025	0.010599721059972107	0.00892608089260809	0.02705718270571827	0.001394700139470014	0.011157601115760111	0.0	0.022594142259414227	0.0	0.007531380753138075	0.007531380753138075	0.027336122733612273	0.002789400278940028	0.009483960948396096	0.020362622036262202	0.00502092050209205	0.007252440725244073	0.002789400278940028	0.01896792189679219	0.04714086471408647	0.0033472803347280333	0.02482566248256625
0.016457461645746164	0.022594142259414227	0.00502092050209205	0.010599721059972107	0.015899581589958158	0.042398884239888426	0.004463040446304045	0.016457461645746164	0.0	0.016736401673640166	0.0	0.007810320781032078	0.031241283124128313	0.06080892608089261	0.012831241283124128	0.023709902370990237	0.018410041841004185	0.018410041841004185	0.004741980474198048	0.0100418410041841	0.011157601115760111	0.026778242677824266	0.0041841004184100415	0.014504881450488146	0.0041841004184100415	0.010320781032078103	0.0008368200836820083	0.00502092050209205	0.033193863319386334	0.07168758716875871	0.007531380753138075	0.03096234309623431	0.01506276150627615	0.016736401673640166	0.008089260808926082	0.004463040446304045	0.016736401673640166	0.04630404463040446	0.002789400278940028	0.0198047419804742	0.012552301255230125	0.0298465829846583	0.0022315202231520223	0.010320781032078103	0.00892608089260809	0.02705718270571827	0.0011157601115760112	0.011436541143654114	0.0	0.022315202231520222	0.0	0.007810320781032078	0.00697350069735007	0.02705718270571827	0.002510460251046025	0.010599721059972107	0.020362622036262202	0.00502092050209205	0.007252440725244073	0.002789400278940028	0.0200836820083682	0.04741980474198047	0.002789400278940028	0.024546722454672244
0.01701534170153417	0.02287308228730823	0.004463040446304045	0.010320781032078103	0.015899581589958158	0.04351464435146443	0.0036262203626220364	0.016178521617852163	0.0	0.01701534170153417	0.0	0.007531380753138075	0.031241283124128313	0.06108786610878661	0.012831241283124128	0.023430962343096235	0.018688981868898186	0.01896792189679219	0.004463040446304045	0.009483960948396096	0.010878661087866108	0.02817294281729428	0.003905160390516039	0.013668061366806136	0.0041841004184100415	0.010320781032078103	0.0008368200836820083	0.00502092050209205	0.032635983263598324	0.07168758716875871	0.00697350069735007	0.03207810320781032	0.01506276150627615	0.016457461645746164	0.008089260808926082	0.004741980474198048	0.01701534170153417	0.04630404463040446	0.0030683403068340305	0.019246861924686193	0.012552301255230125	0.0298465829846583	0.002510460251046025	0.0100418410041841	0.009483960948396096	0.02705718270571827	0.0011157601115760112	0.010878661087866108	0.0	0.02203626220362622	0.0	0.008089260808926082	0.007531380753138075	0.027336122733612273	0.0022315202231520223	0.0100418410041841	0.0200836820083682	0.00502092050209205	0.007531380753138075	0.002789400278940028	0.020362622036262202	0.04741980474198047	0.002510460251046025	0.024546722454672244
0.01701534170153417	0.022594142259414227	0.004463040446304045	0.010599721059972107	0.016457461645746164	0.04407252440725244	0.0033472803347280333	0.015341701534170154	0.0	0.01701534170153417	0.0	0.007531380753138075	0.030683403068340307	0.06220362622036262	0.013389121338912133	0.022315202231520222	0.018688981868898186	0.01896792189679219	0.004463040446304045	0.009483960948396096	0.010599721059972107	0.027615062761506277	0.0041841004184100415	0.014225941422594143	0.0041841004184100415	0.010320781032078103	0.0008368200836820083	0.00502092050209205	0.033193863319386334	0.07029288702928871	0.007531380753138075	0.03207810320781032	0.014783821478382147	0.016457461645746164	0.008368200836820083	0.004741980474198048	0.015899581589958158	0.04797768479776848	0.002789400278940028	0.01896792189679219	0.011715481171548118	0.029567642956764294	0.0033472803347280333	0.010320781032078103	0.009205020920502092	0.026499302649930265	0.0011157601115760112	0.011715481171548118	0.0	0.02203626220362622	0.0	0.008089260808926082	0.007810320781032078	0.026778242677824266	0.0019525801952580196	0.010599721059972107	0.020362622036262202	0.00502092050209205	0.007252440725244073	0.002789400278940028	0.020641562064156207	0.04741980474198047	0.002510460251046025	0.024546722454672244
0.016736401673640166	0.022594142259414227	0.004741980474198048	0.010599721059972107	0.015899581589958158	0.044630404463040445	0.0033472803347280333	0.015341701534170154	0.0	0.01701534170153417	0.0	0.007531380753138075	0.0301255230125523	0.06276150627615062	0.01394700139470014	0.021757322175732216	0.018688981868898186	0.019246861924686193	0.004463040446304045	0.009205020920502092	0.009762900976290097	0.027336122733612273	0.003905160390516039	0.015620641562064157	0.003905160390516039	0.010599721059972107	0.0008368200836820083	0.00502092050209205	0.03291492329149233	0.07029288702928871	0.008089260808926082	0.031799163179916316	0.015341701534170154	0.016178521617852163	0.007810320781032078	0.00502092050209205	0.016178521617852163	0.04769874476987448	0.0022315202231520223	0.019525801952580194	0.011715481171548118	0.0298465829846583	0.0036262203626220364	0.009762900976290097	0.00892608089260809	0.02705718270571827	0.0011157601115760112	0.011436541143654114	0.0	0.02287308228730823	0.0	0.007252440725244073	0.007810320781032078	0.026499302649930265	0.0019525801952580196	0.010878661087866108	0.0200836820083682	0.00502092050209205	0.007531380753138075	0.002789400278940028	0.020641562064156207	0.04741980474198047	0.002510460251046025	0.024546722454672244
0.016736401673640166	0.02287308228730823	0.004741980474198048	0.010320781032078103	0.016457461645746164	0.043235704323570434	0.0033472803347280333	0.016178521617852163	0.0	0.01701534170153417	0.0	0.007531380753138075	0.0301255230125523	0.06276150627615062	0.01394700139470014	0.021757322175732216	0.018688981868898186	0.019525801952580194	0.004463040446304045	0.00892608089260809	0.0100418410041841	0.026778242677824266	0.003905160390516039	0.015899581589958158	0.003905160390516039	0.010599721059972107	0.0008368200836820083	0.00502092050209205	0.03207810320781032	0.0708507670850767	0.007810320781032078	0.031799163179916316	0.016457461645746164	0.016178521617852163	0.0066945606694560665	0.00502092050209205	0.01506276150627615	0.04881450488145049	0.002510460251046025	0.019246861924686193	0.011436541143654114	0.0298465829846583	0.0033472803347280333	0.010320781032078103	0.009205020920502092	0.026499302649930265	0.001394700139470014	0.011436541143654114	0.0	0.023709902370990237	0.0	0.006415620641562064	0.008089260808926082	0.026499302649930265	0.002510460251046025	0.0100418410041841	0.0200836820083682	0.004741980474198048	0.007531380753138075	0.0030683403068340305	0.021199442119944213	0.04825662482566248	0.002510460251046025	0.023709902370990237
0.01701534170153417	0.022594142259414227	0.004463040446304045	0.010599721059972107	0.016736401673640166	0.044630404463040445	0.0019525801952580196	0.015899581589958158	0.0	0.01701534170153417	0.0	0.007531380753138075	0.03096234309623431	0.06359832635983263	0.013110181311018132	0.02092050209205021	0.018410041841004185	0.019525801952580194	0.004741980474198048	0.00892608089260809	0.0100418410041841	0.027336122733612273	0.0036262203626220364	0.015620641562064157	0.0036262203626220364	0.010878661087866108	0.0008368200836820083	0.00502092050209205	0.032357043235704326	0.07196652719665272	0.007531380753138075	0.030683403068340307	0.01701534170153417	0.015899581589958158	0.006136680613668061	0.005299860529986053	0.015341701534170154	0.04909344490934449	0.002510460251046025	0.018688981868898186	0.010599721059972107	0.031241283124128313	0.0033472803347280333	0.009762900976290097	0.00892608089260809	0.026220362622036263	0.001394700139470014	0.01199442119944212	0.0	0.02315202231520223	0.0	0.00697350069735007	0.008647140864714086	0.025383542538354256	0.002789400278940028	0.010320781032078103	0.0200836820083682	0.004463040446304045	0.007531380753138075	0.0033472803347280333	0.02092050209205021	0.04825662482566248	0.002789400278940028	0.023709902370990237
0.017294281729428172	0.022594142259414227	0.0041841004184100415	0.010599721059972107	0.016178521617852163	0.04574616457461646	0.0022315202231520223	0.01506276150627615	0.0	0.01701534170153417	0.0	0.007531380753138075	0.03096234309623431	0.06276150627615062	0.013110181311018132	0.021757322175732216	0.018688981868898186	0.0198047419804742	0.004463040446304045	0.008647140864714086	0.0100418410041841	0.027336122733612273	0.0033472803347280333	0.015899581589958158	0.0036262203626220364	0.011436541143654114	0.0008368200836820083	0.004463040446304045	0.03152022315202232	0.07112970711297072	0.007810320781032078	0.03207810320781032	0.01701534170153417	0.015899581589958158	0.006136680613668061	0.005299860529986053	0.015341701534170154	0.048535564853556486	0.002510460251046025	0.019246861924686193	0.010599721059972107	0.03207810320781032	0.0030683403068340305	0.009205020920502092	0.0100418410041841	0.02510460251046025	0.0011157601115760112	0.012273361227336122	0.0	0.02287308228730823	0.0	0.007252440725244073	0.008647140864714086	0.025662482566248257	0.002789400278940028	0.0100418410041841	0.020362622036262202	0.0041841004184100415	0.007252440725244073	0.0036262203626220364	0.020641562064156207	0.04825662482566248	0.0030683403068340305	0.023709902370990237
0.01785216178521618	0.02287308228730823	0.0036262203626220364	0.010320781032078103	0.015899581589958158	0.04490934449093445	0.002510460251046025	0.015899581589958158	0.0	0.016736401673640166	0.0	0.007810320781032078	0.03152022315202232	0.06220362622036262	0.012552301255230125	0.022315202231520222	0.018410041841004185	0.019525801952580194	0.004741980474198048	0.00892608089260809	0.010599721059972107	0.027336122733612273	0.0030683403068340305	0.015620641562064157	0.003905160390516039	0.011436541143654114	0.0005578800557880056	0.004463040446304045	0.031799163179916316	0.0697350069735007	0.007531380753138075	0.03291492329149233	0.01785216178521618	0.015620641562064157	0.005299860529986053	0.005578800557880056	0.014225941422594143	0.0496513249651325	0.002789400278940028	0.01896792189679219	0.010320781032078103	0.032635983263598324	0.002789400278940028	0.009205020920502092	0.0100418410041841	0.024546722454672244	0.001394700139470014	0.012552301255230125	0.0	0.02315202231520223	0.0	0.00697350069735007	0.008368200836820083	0.027336122733612273	0.002510460251046025	0.00892608089260809	0.020641562064156207	0.004463040446304045	0.00697350069735007	0.0033472803347280333	0.0200836820083682	0.048535564853556486	0.0041841004184100415	0.023430962343096235
0.01813110181311018	0.02287308228730823	0.0033472803347280333	0.010320781032078103	0.015341701534170154	0.04490934449093445	0.0030683403068340305	0.015899581589958158	0.0	0.01701534170153417	0.0	0.007531380753138075	0.032357043235704326	0.06192468619246862	0.011715481171548118	0.022594142259414227	0.018688981868898186	0.019525801952580194	0.004463040446304045	0.00892608089260809	0.009762900976290097	0.026499302649930265	0.0030683403068340305	0.017294281729428172	0.003905160390516039	0.011715481171548118	0.0005578800557880056	0.0041841004184100415	0.03096234309623431	0.0705718270571827	0.007531380753138075	0.032357043235704326	0.01813110181311018	0.015620641562064157	0.00502092050209205	0.005578800557880056	0.014225941422594143	0.049372384937238493	0.0022315202231520223	0.0198047419804742	0.010599721059972107	0.03347280334728033	0.0022315202231520223	0.008647140864714086	0.010599721059972107	0.024546722454672244	0.0011157601115760112	0.012273361227336122	0.0	0.02315202231520223	0.0	0.00697350069735007	0.008089260808926082	0.02705718270571827	0.002510460251046025	0.009483960948396096	0.020362622036262202	0.004463040446304045	0.007252440725244073	0.0033472803347280333	0.020641562064156207	0.04769874476987448	0.0041841004184100415	0.024267782426778243
0.017573221757322177	0.02315202231520223	0.003905160390516039	0.0100418410041841	0.015620641562064157	0.04490934449093445	0.0030683403068340305	0.015620641562064157	0.0	0.016457461645746164	0.0	0.008089260808926082	0.032357043235704326	0.06192468619246862	0.011715481171548118	0.022594142259414227	0.018410041841004185	0.019525801952580194	0.004741980474198048	0.00892608089260809	0.009483960948396096	0.026499302649930265	0.0030683403068340305	0.017573221757322177	0.0036262203626220364	0.01199442119944212	0.0005578800557880056	0.0041841004184100415	0.031241283124128313	0.0697350069735007	0.007531380753138075	0.03291492329149233	0.01785216178521618	0.015341701534170154	0.005299860529986053	0.005857740585774059	0.014504881450488146	0.048535564853556486	0.0022315202231520223	0.020362622036262202	0.011157601115760111	0.03347280334728033	0.0019525801952580196	0.008368200836820083	0.0100418410041841	0.025662482566248257	0.0011157601115760112	0.011715481171548118	0.0	0.02315202231520223	0.0	0.00697350069735007	0.007531380753138075	0.026778242677824266	0.002789400278940028	0.0100418410041841	0.0198047419804742	0.004463040446304045	0.007810320781032078	0.0033472803347280333	0.02092050209205021	0.04825662482566248	0.003905160390516039	0.023709902370990237
0.017573221757322177	0.022594142259414227	0.003905160390516039	0.010599721059972107	0.01506276150627615	0.04574616457461646	0.0030683403068340305	0.015341701534170154	0.0	0.016736401673640166	0.0	0.007810320781032078	0.032635983263598324	0.0602510460251046	0.011436541143654114	0.024267782426778243	0.01813110181311018	0.01896792189679219	0.00502092050209205	0.009483960948396096	0.008647140864714086	0.027615062761506277	0.0030683403068340305	0.017294281729428172	0.0036262203626220364	0.011436541143654114	0.0005578800557880056	0.004741980474198048	0.031799163179916316	0.07029288702928871	0.007531380753138075	0.03291492329149233	0.01785216178521618	0.015341701534170154	0.005299860529986053	0.005857740585774059	0.014504881450488146	0.04741980474198047	0.0016736401673640166	0.02203626220362622	0.010878661087866108	0.03207810320781032	0.0022315202231520223	0.009762900976290097	0.0100418410041841	0.025383542538354256	0.0011157601115760112	0.01199442119944212	0.0	0.02287308228730823	0.0	0.007252440725244073	0.007252440725244073	0.02705718270571827	0.002789400278940028	0.0100418410041841	0.0198047419804742	0.004463040446304045	0.007810320781032078	0.0033472803347280333	0.020641562064156207	0.04741980474198047	0.0030683403068340305	0.024546722454672244
0.01785216178521618	0.022594142259414227	0.0036262203626220364	0.010599721059972107	0.01506276150627615	0.04490934449093445	0.0030683403068340305	0.016178521617852163	0.0	0.016736401673640166	0.0	0.007810320781032078	0.03291492329149233	0.0602510460251046	0.011157601115760111	0.024267782426778243	0.01785216178521618	0.019525801952580194	0.005299860529986053	0.00892608089260809	0.00892608089260809	0.026778242677824266	0.002789400278940028	0.01813110181311018	0.003905160390516039	0.010878661087866108	0.0005578800557880056	0.00502092050209205	0.032357043235704326	0.07140864714086471	0.007810320781032078	0.03152022315202232	0.017573221757322177	0.015341701534170154	0.005578800557880056	0.005857740585774059	0.013668061366806136	0.04797768479776848	0.0022315202231520223	0.021757322175732216	0.0100418410041841	0.032635983263598324	0.002510460251046025	0.009762900976290097	0.009762900976290097	0.02510460251046025	0.0016736401673640166	0.01199442119944212	0.0	0.02287308228730823	0.0	0.007252440725244073	0.007531380753138075	0.02705718270571827	0.002789400278940028	0.009762900976290097	0.0198047419804742	0.004463040446304045	0.007810320781032078	0.0033472803347280333	0.020362622036262202	0.04741980474198047	0.002789400278940028	0.024546722454672244
0.017573221757322177	0.021757322175732216	0.003905160390516039	0.011436541143654114	0.01394700139470014	0.045188284518828455	0.002789400278940028	0.017294281729428172	0.0	0.01701534170153417	0.0	0.007531380753138075	0.032357043235704326	0.0602510460251046	0.011715481171548118	0.024267782426778243	0.017573221757322177	0.01896792189679219	0.005578800557880056	0.009483960948396096	0.009205020920502092	0.026499302649930265	0.0030683403068340305	0.01785216178521618	0.0036262203626220364	0.011157601115760111	0.0008368200836820083	0.004741980474198048	0.03152022315202232	0.07029288702928871	0.007531380753138075	0.03347280334728033	0.017573221757322177	0.015341701534170154	0.005578800557880056	0.005857740585774059	0.01394700139470014	0.04769874476987448	0.0022315202231520223	0.021757322175732216	0.0100418410041841	0.03207810320781032	0.002510460251046025	0.010320781032078103	0.00892608089260809	0.025383542538354256	0.001394700139470014	0.012831241283124128	0.0	0.022594142259414227	0.0	0.007531380753138075	0.007810320781032078	0.026499302649930265	0.002510460251046025	0.010320781032078103	0.020362622036262202	0.004463040446304045	0.007252440725244073	0.0033472803347280333	0.02092050209205021	0.04714086471408647	0.002510460251046025	0.02482566248256625
0.01701534170153417	0.02203626220362622	0.004463040446304045	0.011157601115760111	0.014504881450488146	0.04574616457461646	0.002789400278940028	0.016178521617852163	0.0	0.016457461645746164	0.0	0.008089260808926082	0.03207810320781032	0.060529986052998606	0.01199442119944212	0.02398884239888424	0.017294281729428172	0.01896792189679219	0.005857740585774059	0.009483960948396096	0.009483960948396096	0.02594142259414226	0.0030683403068340305	0.01813110181311018	0.0036262203626220364	0.012273361227336122	0.0005578800557880056	0.003905160390516039	0.03291492329149233	0.06889818688981869	0.007252440725244073	0.03403068340306834	0.017573221757322177	0.015341701534170154	0.005578800557880056	0.005857740585774059	0.01394700139470014	0.04769874476987448	0.0022315202231520223	0.021757322175732216	0.009483960948396096	0.03291492329149233	0.002510460251046025	0.0100418410041841	0.008368200836820083	0.026220362622036263	0.0016736401673640166	0.012273361227336122	0.0	0.022315202231520222	0.0	0.007810320781032078	0.007810320781032078	0.02594142259414226	0.0022315202231520223	0.011157601115760111	0.0200836820083682	0.0041841004184100415	0.007531380753138075	0.0036262203626220364	0.020641562064156207	0.04714086471408647	0.002510460251046025	0.02482566248256625
0.01701534170153417	0.022315202231520222	0.004463040446304045	0.010878661087866108	0.013668061366806136	0.04602510460251046	0.002789400278940028	0.016736401673640166	0.0	0.016736401673640166	0.0	0.007810320781032078	0.03207810320781032	0.06164574616457462	0.01199442119944212	0.02287308228730823	0.017294281729428172	0.01813110181311018	0.005857740585774059	0.010320781032078103	0.008647140864714086	0.027336122733612273	0.0036262203626220364	0.01701534170153417	0.0033472803347280333	0.012273361227336122	0.0008368200836820083	0.003905160390516039	0.032357043235704326	0.06889818688981869	0.0066945606694560665	0.035146443514644354	0.01701534170153417	0.015341701534170154	0.006136680613668061	0.005857740585774059	0.013668061366806136	0.046582984658298465	0.002510460251046025	0.02287308228730823	0.009762900976290097	0.032357043235704326	0.002510460251046025	0.010320781032078103	0.008089260808926082	0.02594142259414226	0.0019525801952580196	0.012552301255230125	0.0	0.023430962343096235	0.0	0.0066945606694560665	0.008368200836820083	0.02705718270571827	0.001394700139470014	0.010320781032078103	0.0198047419804742	0.0041841004184100415	0.007810320781032078	0.0036262203626220364	0.0198047419804742	0.04797768479776848	0.0033472803347280333	0.02398884239888424
0.016736401673640166	0.02203626220362622	0.004741980474198048	0.011157601115760111	0.013389121338912133	0.04602510460251046	0.0030683403068340305	0.016736401673640166	0.0	0.01701534170153417	0.0	0.007531380753138075	0.03207810320781032	0.06108786610878661	0.01199442119944212	0.023430962343096235	0.017573221757322177	0.01785216178521618	0.005578800557880056	0.010599721059972107	0.009205020920502092	0.02789400278940028	0.0030683403068340305	0.016457461645746164	0.0036262203626220364	0.011715481171548118	0.0008368200836820083	0.0041841004184100415	0.032357043235704326	0.0694560669456067	0.007810320781032078	0.03375174337517434	0.016457461645746164	0.01506276150627615	0.0066945606694560665	0.006136680613668061	0.01394700139470014	0.04574616457461646	0.002510460251046025	0.023430962343096235	0.0100418410041841	0.03375174337517434	0.0019525801952580196	0.009205020920502092	0.007810320781032078	0.026499302649930265	0.0019525801952580196	0.012273361227336122	0.0	0.02315202231520223	0.0	0.00697350069735007	0.010320781032078103	0.026499302649930265	0.0011157601115760112	0.009205020920502092	0.0198047419804742	0.0041841004184100415	0.007810320781032078	0.0036262203626220364	0.019525801952580194	0.0496513249651325	0.0033472803347280333	0.022315202231520222
0.016178521617852163	0.021757322175732216	0.005299860529986053	0.011436541143654114	0.01394700139470014	0.045188284518828455	0.002789400278940028	0.017294281729428172	0.0	0.01701534170153417	0.0	0.007531380753138075	0.032357043235704326	0.0602510460251046	0.011715481171548118	0.024267782426778243	0.017294281729428172	0.017573221757322177	0.005857740585774059	0.010878661087866108	0.008647140864714086	0.02900976290097629	0.0030683403068340305	0.015899581589958158	0.003905160390516039	0.011436541143654114	0.0008368200836820083	0.0041841004184100415	0.03207810320781032	0.0700139470013947	0.008647140864714086	0.033193863319386334	0.016736401673640166	0.014783821478382147	0.006415620641562064	0.006415620641562064	0.013668061366806136	0.04574616457461646	0.002789400278940028	0.023430962343096235	0.010599721059972107	0.032357043235704326	0.0016736401673640166	0.010320781032078103	0.008089260808926082	0.026220362622036263	0.001394700139470014	0.012831241283124128	0.0	0.02315202231520223	0.0	0.00697350069735007	0.010320781032078103	0.026220362622036263	0.001394700139470014	0.009205020920502092	0.0198047419804742	0.0041841004184100415	0.007810320781032078	0.0036262203626220364	0.019246861924686193	0.048535564853556486	0.0030683403068340305	0.023430962343096235
0.016457461645746164	0.02203626220362622	0.00502092050209205	0.011157601115760111	0.013668061366806136	0.04602510460251046	0.002510460251046025	0.01701534170153417	0.0	0.017573221757322177	0.0	0.00697350069735007	0.032635983263598324	0.0599721059972106	0.011436541143654114	0.024546722454672244	0.01701534170153417	0.017294281729428172	0.006136680613668061	0.011157601115760111	0.00892608089260809	0.02900976290097629	0.0030683403068340305	0.015620641562064157	0.003905160390516039	0.011157601115760111	0.0008368200836820083	0.004463040446304045	0.03207810320781032	0.0708507670850767	0.008647140864714086	0.03291492329149233	0.016736401673640166	0.014783821478382147	0.006415620641562064	0.006415620641562064	0.013668061366806136	0.045188284518828455	0.0030683403068340305	0.023709902370990237	0.010599721059972107	0.032635983263598324	0.001394700139470014	0.010320781032078103	0.007531380753138075	0.026499302649930265	0.0019525801952580196	0.012552301255230125	0.0	0.022594142259414227	0.0	0.007531380753138075	0.010320781032078103	0.026220362622036263	0.001394700139470014	0.009205020920502092	0.019525801952580194	0.004463040446304045	0.008089260808926082	0.0033472803347280333	0.018688981868898186	0.048535564853556486	0.0030683403068340305	0.023430962343096235
0.01701534170153417	0.022594142259414227	0.004463040446304045	0.010599721059972107	0.013389121338912133	0.046582984658298465	0.002789400278940028	0.016457461645746164	0.0	0.01785216178521618	0.0	0.0066945606694560665	0.033193863319386334	0.0602510460251046	0.010878661087866108	0.024267782426778243	0.01701534170153417	0.017294281729428172	0.006136680613668061	0.011157601115760111	0.00892608089260809	0.0301255230125523	0.0030683403068340305	0.014504881450488146	0.003905160390516039	0.011436541143654114	0.0008368200836820083	0.0041841004184100415	0.03291492329149233	0.07168758716875871	0.008089260808926082	0.032357043235704326	0.017294281729428172	0.014504881450488146	0.005857740585774059	0.0066945606694560665	0.01394700139470014	0.04435146443514645	0.002789400278940028	0.024546722454672244	0.010599721059972107	0.03291492329149233	0.001394700139470014	0.0100418410041841	0.007252440725244073	0.026778242677824266	0.0022315202231520223	0.012273361227336122	0.0	0.02287308228730823	0.0	0.007252440725244073	0.010320781032078103	0.02594142259414226	0.001394700139470014	0.009483960948396096	0.019525801952580194	0.004741980474198048	0.008089260808926082	0.0030683403068340305	0.01896792189679219	0.048535564853556486	0.0022315202231520223	0.023430962343096235
0.01701534170153417	0.022315202231520222	0.004463040446304045	0.010878661087866108	0.01394700139470014	0.04574616457461646	0.002510460251046025	0.01701534170153417	0.0	0.01785216178521618	0.0	0.0066945606694560665	0.03347280334728033	0.0602510460251046	0.010599721059972107	0.024267782426778243	0.01701534170153417	0.017294281729428172	0.006136680613668061	0.011157601115760111	0.009205020920502092	0.030404463040446306	0.0022315202231520223	0.014783821478382147	0.003905160390516039	0.010878661087866108	0.0008368200836820083	0.004741980474198048	0.03291492329149233	0.0708507670850767	0.008368200836820083	0.032635983263598324	0.01785216178521618	0.014783821478382147	0.005299860529986053	0.006415620641562064	0.013668061366806136	0.044630404463040445	0.0030683403068340305	0.024267782426778243	0.010878661087866108	0.032635983263598324	0.001394700139470014	0.0100418410041841	0.007810320781032078	0.026220362622036263	0.0019525801952580196	0.012552301255230125	0.0	0.02315202231520223	0.0	0.00697350069735007	0.010320781032078103	0.026499302649930265	0.001394700139470014	0.00892608089260809	0.0198047419804742	0.004741980474198048	0.007810320781032078	0.0030683403068340305	0.019525801952580194	0.048535564853556486	0.0019525801952580196	0.023430962343096235
0.01701534170153417	0.022315202231520222	0.004463040446304045	0.010878661087866108	0.014225941422594143	0.04602510460251046	0.002510460251046025	0.016457461645746164	0.0	0.017573221757322177	0.0	0.00697350069735007	0.03347280334728033	0.0599721059972106	0.010599721059972107	0.024546722454672244	0.01701534170153417	0.01701534170153417	0.006136680613668061	0.011436541143654114	0.0100418410041841	0.030404463040446306	0.0019525801952580196	0.014225941422594143	0.003905160390516039	0.010599721059972107	0.0008368200836820083	0.00502092050209205	0.03570432357043236	0.06778242677824267	0.007531380753138075	0.03347280334728033	0.017573221757322177	0.01506276150627615	0.005578800557880056	0.006136680613668061	0.013668061366806136	0.04379358437935844	0.0030683403068340305	0.02510460251046025	0.011157601115760111	0.031241283124128313	0.001394700139470014	0.011157601115760111	0.007531380753138075	0.026220362622036263	0.0019525801952580196	0.012831241283124128	0.0	0.02287308228730823	0.0	0.007252440725244073	0.010599721059972107	0.026220362622036263	0.0011157601115760112	0.009205020920502092	0.020362622036262202	0.004741980474198048	0.007252440725244073	0.0030683403068340305	0.01896792189679219	0.04797768479776848	0.002789400278940028	0.02398884239888424
0.01701534170153417	0.022315202231520222	0.004463040446304045	0.010878661087866108	0.014504881450488146	0.045188284518828455	0.002789400278940028	0.016736401673640166	0.0	0.017573221757322177	0.0	0.00697350069735007	0.033193863319386334	0.0599721059972106	0.010878661087866108	0.024546722454672244	0.01701534170153417	0.01701534170153417	0.006136680613668061	0.011436541143654114	0.010320781032078103	0.0298465829846583	0.0019525801952580196	0.014504881450488146	0.003905160390516039	0.010878661087866108	0.0008368200836820083	0.004741980474198048	0.03598326359832636	0.0694560669456067	0.0066945606694560665	0.03291492329149233	0.017573221757322177	0.015620641562064157	0.005578800557880056	0.005578800557880056	0.01394700139470014	0.04379358437935844	0.0033472803347280333	0.024546722454672244	0.011715481171548118	0.03096234309623431	0.001394700139470014	0.010878661087866108	0.007810320781032078	0.025383542538354256	0.0019525801952580196	0.013389121338912133	0.0	0.023709902370990237	0.0	0.006415620641562064	0.011157601115760111	0.025383542538354256	0.0011157601115760112	0.009483960948396096	0.02092050209205021	0.004741980474198048	0.0066945606694560665	0.0030683403068340305	0.018410041841004185	0.04909344490934449	0.002789400278940028	0.02287308228730823
0.017294281729428172	0.022315202231520222	0.0041841004184100415	0.010878661087866108	0.014783821478382147	0.045188284518828455	0.002789400278940028	0.016457461645746164	0.0	0.01785216178521618	0.0	0.0066945606694560665	0.033193863319386334	0.0596931659693166	0.010878661087866108	0.02482566248256625	0.01701534170153417	0.01701534170153417	0.006136680613668061	0.011436541143654114	0.010599721059972107	0.030683403068340307	0.0019525801952580196	0.013389121338912133	0.003905160390516039	0.010599721059972107	0.0008368200836820083	0.00502092050209205	0.035146443514644354	0.07168758716875871	0.006415620641562064	0.032357043235704326	0.017573221757322177	0.015620641562064157	0.005578800557880056	0.005578800557880056	0.01394700139470014	0.04379358437935844	0.0033472803347280333	0.024546722454672244	0.012552301255230125	0.0298465829846583	0.0016736401673640166	0.010878661087866108	0.007531380753138075	0.025662482566248257	0.0019525801952580196	0.013389121338912133	0.0	0.02315202231520223	0.0	0.00697350069735007	0.010878661087866108	0.02482566248256625	0.001394700139470014	0.0100418410041841	0.021757322175732216	0.004741980474198048	0.005857740585774059	0.0030683403068340305	0.017573221757322177	0.04797768479776848	0.0030683403068340305	0.02398884239888424
0.01701534170153417	0.022594142259414227	0.004463040446304045	0.010599721059972107	0.014783821478382147	0.04351464435146443	0.0030683403068340305	0.01785216178521618	0.0	0.01785216178521618	0.0	0.0066945606694560665	0.032635983263598324	0.060529986052998606	0.011436541143654114	0.02398884239888424	0.016736401673640166	0.016736401673640166	0.006415620641562064	0.011715481171548118	0.010878661087866108	0.030404463040446306	0.0019525801952580196	0.013389121338912133	0.003905160390516039	0.010599721059972107	0.0008368200836820083	0.00502092050209205	0.03542538354253835	0.0708507670850767	0.005578800557880056	0.03347280334728033	0.017573221757322177	0.015620641562064157	0.005578800557880056	0.005578800557880056	0.01506276150627615	0.04435146443514645	0.0036262203626220364	0.022594142259414227	0.013389121338912133	0.028730822873082287	0.0016736401673640166	0.011157601115760111	0.008647140864714086	0.024546722454672244	0.0016736401673640166	0.013668061366806136	0.0	0.02315202231520223	0.0	0.00697350069735007	0.011157601115760111	0.02398884239888424	0.001394700139470014	0.010599721059972107	0.021757322175732216	0.004463040446304045	0.005857740585774059	0.0033472803347280333	0.017573221757322177	0.04825662482566248	0.0033472803347280333	0.023709902370990237
0.017573221757322177	0.022594142259414227	0.003905160390516039	0.010599721059972107	0.014504881450488146	0.04211994421199442	0.0033472803347280333	0.019246861924686193	0.0	0.01785216178521618	0.0	0.0066945606694560665	0.032357043235704326	0.0602510460251046	0.011715481171548118	0.024267782426778243	0.016736401673640166	0.01701534170153417	0.006415620641562064	0.011436541143654114	0.010599721059972107	0.030404463040446306	0.0022315202231520223	0.013389121338912133	0.0041841004184100415	0.010599721059972107	0.0008368200836820083	0.004741980474198048	0.03709902370990237	0.06917712691771269	0.005578800557880056	0.03430962343096234	0.017294281729428172	0.015341701534170154	0.005857740585774059	0.005857740585774059	0.01506276150627615	0.045188284518828455	0.0036262203626220364	0.021757322175732216	0.013389121338912133	0.02900976290097629	0.001394700139470014	0.011157601115760111	0.008089260808926082	0.025662482566248257	0.0016736401673640166	0.013110181311018132	0.0	0.023430962343096235	0.0	0.0066945606694560665	0.0100418410041841	0.02482566248256625	0.0016736401673640166	0.010599721059972107	0.021478382147838215	0.004463040446304045	0.006136680613668061	0.0033472803347280333	0.016178521617852163	0.04741980474198047	0.003905160390516039	0.024546722454672244
0.017573221757322177	0.023430962343096235	0.003905160390516039	0.009762900976290097	0.014504881450488146	0.04351464435146443	0.0030683403068340305	0.01813110181311018	0.0	0.01813110181311018	0.0	0.006415620641562064	0.032635983263598324	0.0596931659693166	0.011436541143654114	0.02482566248256625	0.016178521617852163	0.017573221757322177	0.00697350069735007	0.010878661087866108	0.0100418410041841	0.03096234309623431	0.0022315202231520223	0.013389121338912133	0.004463040446304045	0.010320781032078103	0.0008368200836820083	0.004741980474198048	0.03682008368200837	0.06889818688981869	0.005857740585774059	0.03403068340306834	0.017294281729428172	0.015341701534170154	0.005857740585774059	0.005857740585774059	0.014504881450488146	0.04546722454672245	0.003905160390516039	0.021757322175732216	0.013389121338912133	0.028730822873082287	0.001394700139470014	0.011436541143654114	0.008368200836820083	0.02594142259414226	0.0022315202231520223	0.01199442119944212	0.0	0.02315202231520223	0.0	0.00697350069735007	0.010599721059972107	0.024267782426778243	0.0019525801952580196	0.010320781032078103	0.021199442119944213	0.004463040446304045	0.006415620641562064	0.0033472803347280333	0.016736401673640166	0.04714086471408647	0.003905160390516039	0.02482566248256625
0.01785216178521618	0.023430962343096235	0.0036262203626220364	0.009762900976290097	0.014504881450488146	0.043235704323570434	0.002789400278940028	0.018688981868898186	0.0	0.018688981868898186	0.0	0.005857740585774059	0.032635983263598324	0.05885634588563459	0.011436541143654114	0.025662482566248257	0.015899581589958158	0.01785216178521618	0.007252440725244073	0.010599721059972107	0.010878661087866108	0.0298465829846583	0.0019525801952580196	0.01394700139470014	0.0041841004184100415	0.010320781032078103	0.0011157601115760112	0.004741980474198048	0.03598326359832636	0.06806136680613668	0.006415620641562064	0.03486750348675035	0.017573221757322177	0.015620641562064157	0.005578800557880056	0.005578800557880056	0.014783821478382147	0.04435146443514645	0.0041841004184100415	0.022315202231520222	0.013110181311018132	0.0298465829846583	0.001394700139470014	0.010599721059972107	0.008647140864714086	0.02510460251046025	0.0022315202231520223	0.012552301255230125	0.0	0.02287308228730823	0.0	0.007252440725244073	0.010599721059972107	0.02398884239888424	0.0019525801952580196	0.010599721059972107	0.021199442119944213	0.004741980474198048	0.006415620641562064	0.0030683403068340305	0.01701534170153417	0.04714086471408647	0.003905160390516039	0.02482566248256625
0.01813110181311018	0.02398884239888424	0.0033472803347280333	0.009205020920502092	0.013668061366806136	0.04407252440725244	0.0033472803347280333	0.01813110181311018	0.0	0.018688981868898186	0.0	0.005857740585774059	0.03207810320781032	0.059414225941422594	0.01199442119944212	0.02510460251046025	0.016178521617852163	0.017573221757322177	0.00697350069735007	0.010878661087866108	0.010878661087866108	0.0298465829846583	0.0019525801952580196	0.01394700139470014	0.003905160390516039	0.010320781032078103	0.0011157601115760112	0.00502092050209205	0.03486750348675035	0.06889818688981869	0.006415620641562064	0.03486750348675035	0.01785216178521618	0.015620641562064157	0.005299860529986053	0.005578800557880056	0.014783821478382147	0.04407252440725244	0.003905160390516039	0.02287308228730823	0.013110181311018132	0.029567642956764294	0.001394700139470014	0.010878661087866108	0.009205020920502092	0.025383542538354256	0.0022315202231520223	0.011715481171548118	0.0	0.022594142259414227	0.0	0.007531380753138075	0.010878661087866108	0.02287308228730823	0.0019525801952580196	0.011436541143654114	0.020641562064156207	0.00502092050209205	0.00697350069735007	0.002789400278940028	0.017573221757322177	0.04741980474198047	0.0036262203626220364	0.024546722454672244
0.018410041841004185	0.024267782426778243	0.0030683403068340305	0.00892608089260809	0.013668061366806136	0.04435146443514645	0.0033472803347280333	0.01785216178521618	0.0	0.01813110181311018	0.0	0.006415620641562064	0.03291492329149233	0.05885634588563459	0.011157601115760111	0.025662482566248257	0.016178521617852163	0.01785216178521618	0.00697350069735007	0.010599721059972107	0.010878661087866108	0.0301255230125523	0.001394700139470014	0.014225941422594143	0.003905160390516039	0.010320781032078103	0.0011157601115760112	0.00502092050209205	0.03430962343096234	0.06917712691771269	0.007252440725244073	0.03430962343096234	0.017573221757322177	0.015620641562064157	0.005578800557880056	0.005578800557880056	0.014225941422594143	0.044630404463040445	0.0041841004184100415	0.022594142259414227	0.012831241283124128	0.0298465829846583	0.001394700139470014	0.010878661087866108	0.009483960948396096	0.025662482566248257	0.0019525801952580196	0.011436541143654114	0.0	0.022315202231520222	0.0	0.007810320781032078	0.010599721059972107	0.023430962343096235	0.0019525801952580196	0.011157601115760111	0.020641562064156207	0.00502092050209205	0.00697350069735007	0.002789400278940028	0.017573221757322177	0.04714086471408647	0.0036262203626220364	0.02482566248256625
0.01785216178521618	0.024546722454672244	0.0036262203626220364	0.008647140864714086	0.013668061366806136	0.04407252440725244	0.0030683403068340305	0.018410041841004185	0.0	0.018410041841004185	0.0	0.006136680613668061	0.032635983263598324	0.05829846582984658	0.011436541143654114	0.026220362622036263	0.016457461645746164	0.017573221757322177	0.0066945606694560665	0.010878661087866108	0.010878661087866108	0.0301255230125523	0.001394700139470014	0.014225941422594143	0.003905160390516039	0.010320781032078103	0.0008368200836820083	0.005299860529986053	0.03347280334728033	0.07140864714086471	0.007810320781032078	0.032357043235704326	0.017573221757322177	0.015899581589958158	0.005578800557880056	0.005299860529986053	0.014783821478382147	0.04490934449093445	0.0036262203626220364	0.022315202231520222	0.012273361227336122	0.029567642956764294	0.001394700139470014	0.011715481171548118	0.010599721059972107	0.02398884239888424	0.002510460251046025	0.011436541143654114	0.0	0.02203626220362622	0.0	0.008089260808926082	0.010320781032078103	0.023709902370990237	0.0022315202231520223	0.010878661087866108	0.020362622036262202	0.004741980474198048	0.007252440725244073	0.0030683403068340305	0.01813110181311018	0.048535564853556486	0.0030683403068340305	0.023430962343096235
0.017573221757322177	0.02482566248256625	0.003905160390516039	0.008368200836820083	0.013668061366806136	0.04435146443514645	0.002789400278940028	0.018410041841004185	0.0	0.018410041841004185	0.0	0.006136680613668061	0.032357043235704326	0.05829846582984658	0.011715481171548118	0.026220362622036263	0.015620641562064157	0.017294281729428172	0.007531380753138075	0.011157601115760111	0.010599721059972107	0.030404463040446306	0.001394700139470014	0.014225941422594143	0.0036262203626220364	0.010878661087866108	0.0008368200836820083	0.00502092050209205	0.032357043235704326	0.07280334728033473	0.007810320781032078	0.03152022315202232	0.017294281729428172	0.016736401673640166	0.005857740585774059	0.004463040446304045	0.013668061366806136	0.04574616457461646	0.0041841004184100415	0.02203626220362622	0.011715481171548118	0.029288702928870293	0.0019525801952580196	0.01199442119944212	0.010599721059972107	0.023709902370990237	0.0022315202231520223	0.01199442119944212	0.0	0.021757322175732216	0.0	0.008368200836820083	0.009762900976290097	0.02398884239888424	0.002510460251046025	0.010878661087866108	0.020362622036262202	0.004741980474198048	0.007252440725244073	0.0030683403068340305	0.01813110181311018	0.0496513249651325	0.0036262203626220364	0.022315202231520222
0.01785216178521618	0.02510460251046025	0.0036262203626220364	0.008089260808926082	0.014225941422594143	0.04407252440725244	0.0030683403068340305	0.01785216178521618	0.0	0.018688981868898186	0.0	0.005857740585774059	0.03291492329149233	0.05801952580195258	0.011157601115760111	0.026499302649930265	0.015899581589958158	0.01701534170153417	0.007252440725244073	0.011436541143654114	0.010320781032078103	0.0301255230125523	0.001394700139470014	0.014783821478382147	0.003905160390516039	0.010599721059972107	0.0011157601115760112	0.004741980474198048	0.031799163179916316	0.07252440725244072	0.0066945606694560665	0.031799163179916316	0.01701534170153417	0.01785216178521618	0.006136680613668061	0.0033472803347280333	0.01394700139470014	0.04686192468619247	0.003905160390516039	0.02092050209205021	0.011715481171548118	0.029288702928870293	0.0019525801952580196	0.01199442119944212	0.010599721059972107	0.02287308228730823	0.002789400278940028	0.012273361227336122	0.0	0.022315202231520222	0.0	0.007810320781032078	0.010320781032078103	0.023709902370990237	0.002510460251046025	0.010599721059972107	0.0200836820083682	0.004741980474198048	0.007531380753138075	0.0030683403068340305	0.01896792189679219	0.049930264993026496	0.004463040446304045	0.02203626220362622
0.017573221757322177	0.02510460251046025	0.003905160390516039	0.008089260808926082	0.014504881450488146	0.04379358437935844	0.002789400278940028	0.01813110181311018	0.0	0.018688981868898186	0.0	0.005857740585774059	0.033193863319386334	0.05913528591352859	0.010878661087866108	0.025383542538354256	0.015899581589958158	0.017294281729428172	0.007252440725244073	0.011157601115760111	0.010320781032078103	0.030404463040446306	0.0011157601115760112	0.014783821478382147	0.0036262203626220364	0.011157601115760111	0.0011157601115760112	0.004463040446304045	0.03375174337517434	0.07224546722454672	0.0066945606694560665	0.03096234309623431	0.017573221757322177	0.017573221757322177	0.005578800557880056	0.0036262203626220364	0.013389121338912133	0.04686192468619247	0.0036262203626220364	0.021757322175732216	0.011715481171548118	0.02900976290097629	0.0019525801952580196	0.012273361227336122	0.009762900976290097	0.02398884239888424	0.002510460251046025	0.012273361227336122	0.0	0.021757322175732216	0.0	0.008368200836820083	0.010320781032078103	0.023709902370990237	0.002510460251046025	0.010599721059972107	0.020362622036262202	0.00502092050209205	0.007252440725244073	0.002789400278940028	0.01813110181311018	0.0496513249651325	0.004463040446304045	0.022315202231520222
0.017294281729428172	0.025662482566248257	0.0041841004184100415	0.007531380753138075	0.01506276150627615	0.04295676429567643	0.002789400278940028	0.018410041841004185	0.0	0.018688981868898186	0.0	0.005857740585774059	0.032635983263598324	0.060529986052998606	0.011436541143654114	0.02398884239888424	0.016178521617852163	0.017294281729428172	0.00697350069735007	0.011157601115760111	0.010599721059972107	0.030404463040446306	0.0008368200836820083	0.014783821478382147	0.0036262203626220364	0.011157601115760111	0.001394700139470014	0.0041841004184100415	0.03207810320781032	0.07308228730822873	0.007252440725244073	0.031241283124128313	0.017573221757322177	0.017573221757322177	0.005578800557880056	0.0036262203626220364	0.013110181311018132	0.04769874476987448	0.0033472803347280333	0.021478382147838215	0.011157601115760111	0.028451882845188285	0.0022315202231520223	0.013110181311018132	0.009762900976290097	0.024267782426778243	0.0022315202231520223	0.012273361227336122	0.0	0.021199442119944213	0.0	0.00892608089260809	0.0100418410041841	0.023709902370990237	0.002510460251046025	0.010878661087866108	0.020362622036262202	0.00502092050209205	0.007252440725244073	0.002789400278940028	0.01813110181311018	0.04909344490934449	0.004463040446304045	0.02287308228730823
0.01701534170153417	0.02594142259414226	0.004463040446304045	0.007252440725244073	0.014783821478382147	0.04184100418410042	0.002789400278940028	0.0198047419804742	0.0	0.01785216178521618	0.0	0.0066945606694560665	0.03291492329149233	0.06164574616457462	0.011157601115760111	0.02287308228730823	0.016178521617852163	0.017294281729428172	0.00697350069735007	0.011157601115760111	0.010878661087866108	0.030404463040446306	0.0008368200836820083	0.014504881450488146	0.0041841004184100415	0.010878661087866108	0.001394700139470014	0.003905160390516039	0.033193863319386334	0.07308228730822873	0.007252440725244073	0.030404463040446306	0.017573221757322177	0.017294281729428172	0.005578800557880056	0.003905160390516039	0.013668061366806136	0.04797768479776848	0.0030683403068340305	0.02092050209205021	0.01199442119944212	0.02817294281729428	0.0016736401673640166	0.013110181311018132	0.009205020920502092	0.02482566248256625	0.002510460251046025	0.01199442119944212	0.0	0.021199442119944213	0.0	0.00892608089260809	0.010599721059972107	0.02398884239888424	0.0019525801952580196	0.010599721059972107	0.020362622036262202	0.004741980474198048	0.007252440725244073	0.0030683403068340305	0.018688981868898186	0.04825662482566248	0.0036262203626220364	0.023709902370990237
0.01785216178521618	0.026499302649930265	0.0036262203626220364	0.0066945606694560665	0.015341701534170154	0.041283124128312414	0.0030683403068340305	0.019525801952580194	0.0	0.01785216178521618	0.0	0.0066945606694560665	0.03291492329149233	0.06108786610878661	0.011157601115760111	0.023430962343096235	0.016178521617852163	0.01785216178521618	0.00697350069735007	0.010599721059972107	0.010599721059972107	0.029567642956764294	0.001394700139470014	0.01506276150627615	0.003905160390516039	0.011157601115760111	0.0011157601115760112	0.0041841004184100415	0.032635983263598324	0.07280334728033473	0.007810320781032078	0.031241283124128313	0.01785216178521618	0.017573221757322177	0.005299860529986053	0.0036262203626220364	0.014783821478382147	0.04714086471408647	0.002789400278940028	0.02092050209205021	0.011157601115760111	0.028730822873082287	0.0016736401673640166	0.013389121338912133	0.009205020920502092	0.025383542538354256	0.002510460251046025	0.011436541143654114	0.0	0.02092050209205021	0.0	0.009205020920502092	0.011157601115760111	0.023709902370990237	0.0016736401673640166	0.010599721059972107	0.020641562064156207	0.004741980474198048	0.00697350069735007	0.0030683403068340305	0.018410041841004185	0.04714086471408647	0.0033472803347280333	0.02482566248256625
0.017573221757322177	0.026499302649930265	0.003905160390516039	0.0066945606694560665	0.015341701534170154	0.04211994421199442	0.0033472803347280333	0.018410041841004185	0.0	0.01813110181311018	0.0	0.006415620641562064	0.032635983263598324	0.0602510460251046	0.011436541143654114	0.024267782426778243	0.016457461645746164	0.01896792189679219	0.0066945606694560665	0.009483960948396096	0.010599721059972107	0.029288702928870293	0.001394700139470014	0.015341701534170154	0.0041841004184100415	0.010320781032078103	0.0011157601115760112	0.004741980474198048	0.03291492329149233	0.07364016736401674	0.00697350069735007	0.03152022315202232	0.01785216178521618	0.01701534170153417	0.005299860529986053	0.0041841004184100415	0.014504881450488146	0.04741980474198047	0.0033472803347280333	0.020362622036262202	0.011157601115760111	0.028730822873082287	0.0016736401673640166	0.013389121338912133	0.009205020920502092	0.024546722454672244	0.002789400278940028	0.01199442119944212	0.0	0.020641562064156207	0.0	0.009483960948396096	0.010878661087866108	0.023709902370990237	0.0016736401673640166	0.010878661087866108	0.019525801952580194	0.005299860529986053	0.008089260808926082	0.002510460251046025	0.01701534170153417	0.04630404463040446	0.0041841004184100415	0.025662482566248257
0.017294281729428172	0.026499302649930265	0.0041841004184100415	0.0066945606694560665	0.015341701534170154	0.042677824267782424	0.0033472803347280333	0.01785216178521618	0.0	0.018410041841004185	0.0	0.006136680613668061	0.03347280334728033	0.05885634588563459	0.010599721059972107	0.025662482566248257	0.016736401673640166	0.018688981868898186	0.006415620641562064	0.009762900976290097	0.011715481171548118	0.028451882845188285	0.001394700139470014	0.01506276150627615	0.0041841004184100415	0.0100418410041841	0.0011157601115760112	0.00502092050209205	0.032635983263598324	0.07475592747559275	0.007531380753138075	0.0301255230125523	0.01785216178521618	0.016736401673640166	0.005299860529986053	0.004463040446304045	0.014783821478382147	0.04686192468619247	0.002789400278940028	0.021199442119944213	0.011436541143654114	0.02900976290097629	0.0019525801952580196	0.012552301255230125	0.009483960948396096	0.025383542538354256	0.002510460251046025	0.011157601115760111	0.0	0.02092050209205021	0.0	0.009205020920502092	0.010320781032078103	0.024267782426778243	0.0016736401673640166	0.010878661087866108	0.0198047419804742	0.005299860529986053	0.007810320781032078	0.002510460251046025	0.017573221757322177	0.04741980474198047	0.0036262203626220364	0.024546722454672244
0.016736401673640166	0.026220362622036263	0.004741980474198048	0.00697350069735007	0.014783821478382147	0.042677824267782424	0.0036262203626220364	0.01813110181311018	0.0	0.018410041841004185	0.0	0.006136680613668061	0.03291492329149233	0.0596931659693166	0.011157601115760111	0.02482566248256625	0.01701534170153417	0.019525801952580194	0.006136680613668061	0.00892608089260809	0.011436541143654114	0.028451882845188285	0.001394700139470014	0.015341701534170154	0.0033472803347280333	0.010878661087866108	0.0011157601115760112	0.00502092050209205	0.033193863319386334	0.07475592747559275	0.007810320781032078	0.029288702928870293	0.017573221757322177	0.016736401673640166	0.005578800557880056	0.004463040446304045	0.015341701534170154	0.04686192468619247	0.002789400278940028	0.020641562064156207	0.011436541143654114	0.029288702928870293	0.0019525801952580196	0.012273361227336122	0.010320781032078103	0.025383542538354256	0.0022315202231520223	0.010599721059972107	0.0	0.02092050209205021	0.0	0.009205020920502092	0.010878661087866108	0.023709902370990237	0.0016736401673640166	0.010878661087866108	0.020362622036262202	0.005299860529986053	0.007252440725244073	0.002510460251046025	0.01813110181311018	0.04797768479776848	0.0030683403068340305	0.02398884239888424
0.01701534170153417	0.026220362622036263	0.004463040446304045	0.00697350069735007	0.015341701534170154	0.042398884239888426	0.0033472803347280333	0.01813110181311018	0.0	0.01813110181311018	0.0	0.006415620641562064	0.03347280334728033	0.0599721059972106	0.010599721059972107	0.024546722454672244	0.017573221757322177	0.019525801952580194	0.005578800557880056	0.00892608089260809	0.011436541143654114	0.02900976290097629	0.0011157601115760112	0.01506276150627615	0.0036262203626220364	0.010878661087866108	0.0008368200836820083	0.00502092050209205	0.03291492329149233	0.07503486750348674	0.007810320781032078	0.0301255230125523	0.017294281729428172	0.01701534170153417	0.005857740585774059	0.0041841004184100415	0.01506276150627615	0.046582984658298465	0.0030683403068340305	0.02092050209205021	0.010878661087866108	0.0301255230125523	0.0022315202231520223	0.011715481171548118	0.009205020920502092	0.02594142259414226	0.002789400278940028	0.010599721059972107	0.0	0.02092050209205021	0.0	0.009205020920502092	0.011157601115760111	0.02315202231520223	0.0019525801952580196	0.010878661087866108	0.02092050209205021	0.005578800557880056	0.0066945606694560665	0.0022315202231520223	0.017294281729428172	0.04741980474198047	0.0030683403068340305	0.024546722454672244
0.017294281729428172	0.026220362622036263	0.0041841004184100415	0.00697350069735007	0.01506276150627615	0.04211994421199442	0.0036262203626220364	0.018410041841004185	0.0	0.01785216178521618	0.0	0.0066945606694560665	0.03291492329149233	0.0596931659693166	0.011157601115760111	0.02482566248256625	0.017573221757322177	0.018688981868898186	0.005578800557880056	0.009762900976290097	0.011436541143654114	0.029288702928870293	0.0008368200836820083	0.01506276150627615	0.0033472803347280333	0.010878661087866108	0.0008368200836820083	0.005299860529986053	0.032357043235704326	0.07587168758716877	0.007531380753138075	0.0298465829846583	0.017294281729428172	0.016736401673640166	0.005857740585774059	0.004463040446304045	0.015341701534170154	0.04769874476987448	0.0030683403068340305	0.019525801952580194	0.011436541143654114	0.0301255230125523	0.0019525801952580196	0.011436541143654114	0.009483960948396096	0.025383542538354256	0.002789400278940028	0.010878661087866108	0.0	0.021199442119944213	0.0	0.00892608089260809	0.011157601115760111	0.02315202231520223	0.0019525801952580196	0.010878661087866108	0.02092050209205021	0.005578800557880056	0.0066945606694560665	0.0022315202231520223	0.017573221757322177	0.04797768479776848	0.0030683403068340305	0.02398884239888424
0.017294281729428172	0.026499302649930265	0.0041841004184100415	0.0066945606694560665	0.014504881450488146	0.04100418410041841	0.0036262203626220364	0.0200836820083682	0.0	0.01813110181311018	0.0	0.006415620641562064	0.032635983263598324	0.05913528591352859	0.011436541143654114	0.025383542538354256	0.017573221757322177	0.018410041841004185	0.005578800557880056	0.0100418410041841	0.011436541143654114	0.029288702928870293	0.0011157601115760112	0.014783821478382147	0.0030683403068340305	0.011436541143654114	0.0008368200836820083	0.00502092050209205	0.031799163179916316	0.07642956764295676	0.007252440725244073	0.030404463040446306	0.017294281729428172	0.01701534170153417	0.005857740585774059	0.0041841004184100415	0.014504881450488146	0.04769874476987448	0.0030683403068340305	0.020362622036262202	0.010878661087866108	0.029567642956764294	0.002510460251046025	0.01199442119944212	0.009762900976290097	0.02594142259414226	0.0022315202231520223	0.010599721059972107	0.0	0.021199442119944213	0.0	0.00892608089260809	0.010878661087866108	0.022594142259414227	0.0019525801952580196	0.011715481171548118	0.020641562064156207	0.005857740585774059	0.00697350069735007	0.0019525801952580196	0.017294281729428172	0.049372384937238493	0.0030683403068340305	0.022594142259414227
0.01785216178521618	0.026499302649930265	0.0036262203626220364	0.0066945606694560665	0.015899581589958158	0.0401673640167364	0.0030683403068340305	0.0200836820083682	0.0	0.01813110181311018	0.0	0.006415620641562064	0.032635983263598324	0.05913528591352859	0.011436541143654114	0.025383542538354256	0.017573221757322177	0.018410041841004185	0.005578800557880056	0.0100418410041841	0.011436541143654114	0.0298465829846583	0.0011157601115760112	0.014225941422594143	0.0030683403068340305	0.011436541143654114	0.0008368200836820083	0.00502092050209205	0.03152022315202232	0.07754532775453278	0.007252440725244073	0.029567642956764294	0.01701534170153417	0.017573221757322177	0.006136680613668061	0.0036262203626220364	0.014225941422594143	0.04686192468619247	0.0036262203626220364	0.02092050209205021	0.010878661087866108	0.030404463040446306	0.0022315202231520223	0.011436541143654114	0.009483960948396096	0.02594142259414226	0.0022315202231520223	0.010878661087866108	0.0	0.022315202231520222	0.0	0.007810320781032078	0.010878661087866108	0.02287308228730823	0.0016736401673640166	0.011715481171548118	0.020362622036262202	0.005578800557880056	0.007252440725244073	0.0022315202231520223	0.017573221757322177	0.048535564853556486	0.002789400278940028	0.023430962343096235
0.01785216178521618	0.02705718270571827	0.0036262203626220364	0.006136680613668061	0.016178521617852163	0.03905160390516039	0.0030683403068340305	0.02092050209205021	0.0	0.01813110181311018	0.0	0.006415620641562064	0.03207810320781032	0.05913528591352859	0.01199442119944212	0.025383542538354256	0.017294281729428172	0.018410041841004185	0.005857740585774059	0.0100418410041841	0.012552301255230125	0.028730822873082287	0.0008368200836820083	0.014504881450488146	0.002789400278940028	0.011715481171548118	0.0011157601115760112	0.004741980474198048	0.0298465829846583	0.07670850767085077	0.007810320781032078	0.03096234309623431	0.017573221757322177	0.017573221757322177	0.005578800557880056	0.0036262203626220364	0.01394700139470014	0.046582984658298465	0.003905160390516039	0.021199442119944213	0.010599721059972107	0.0301255230125523	0.002510460251046025	0.011715481171548118	0.009483960948396096	0.026220362622036263	0.0022315202231520223	0.010599721059972107	0.0	0.022315202231520222	0.0	0.007810320781032078	0.009762900976290097	0.02287308228730823	0.0022315202231520223	0.012273361227336122	0.0200836820083682	0.005578800557880056	0.007531380753138075	0.0022315202231520223	0.018410041841004185	0.04769874476987448	0.002510460251046025	0.024267782426778243
0.01785216178521618	0.02705718270571827	0.0036262203626220364	0.006136680613668061	0.014225941422594143	0.040725244072524404	0.0036262203626220364	0.020641562064156207	0.0	0.01813110181311018	0.0	0.006415620641562064	0.031799163179916316	0.05913528591352859	0.012273361227336122	0.025383542538354256	0.01701534170153417	0.018688981868898186	0.006136680613668061	0.009762900976290097	0.012273361227336122	0.029288702928870293	0.0008368200836820083	0.014225941422594143	0.002789400278940028	0.011715481171548118	0.0008368200836820083	0.00502092050209205	0.0301255230125523	0.07698744769874477	0.007531380753138075	0.0301255230125523	0.01813110181311018	0.017294281729428172	0.00502092050209205	0.003905160390516039	0.013668061366806136	0.04546722454672245	0.004463040446304045	0.02203626220362622	0.010599721059972107	0.0298465829846583	0.002510460251046025	0.01199442119944212	0.00892608089260809	0.026220362622036263	0.0022315202231520223	0.011157601115760111	0.0	0.022315202231520222	0.0	0.007810320781032078	0.009483960948396096	0.02398884239888424	0.0019525801952580196	0.011715481171548118	0.0198047419804742	0.005578800557880056	0.007810320781032078	0.0022315202231520223	0.018410041841004185	0.04769874476987448	0.0030683403068340305	0.024267782426778243
0.017573221757322177	0.026499302649930265	0.003905160390516039	0.0066945606694560665	0.013389121338912133	0.04184100418410042	0.0036262203626220364	0.020362622036262202	0.0	0.01813110181311018	0.0	0.006415620641562064	0.031799163179916316	0.05913528591352859	0.012273361227336122	0.025383542538354256	0.016457461645746164	0.018688981868898186	0.0066945606694560665	0.009762900976290097	0.012273361227336122	0.029567642956764294	0.0005578800557880056	0.014225941422594143	0.002789400278940028	0.011715481171548118	0.0008368200836820083	0.00502092050209205	0.03096234309623431	0.07642956764295676	0.007810320781032078	0.0301255230125523	0.018410041841004185	0.017294281729428172	0.004741980474198048	0.003905160390516039	0.01394700139470014	0.04630404463040446	0.0036262203626220364	0.021757322175732216	0.010599721059972107	0.029567642956764294	0.0019525801952580196	0.012831241283124128	0.008647140864714086	0.02594142259414226	0.002789400278940028	0.011157601115760111	0.0	0.022594142259414227	0.0	0.007531380753138075	0.009205020920502092	0.02482566248256625	0.001394700139470014	0.011715481171548118	0.0198047419804742	0.005578800557880056	0.007810320781032078	0.0022315202231520223	0.017573221757322177	0.04797768479776848	0.0033472803347280333	0.02398884239888424
0.01701534170153417	0.026499302649930265	0.004463040446304045	0.0066945606694560665	0.013389121338912133	0.04295676429567643	0.0036262203626220364	0.019246861924686193	0.0	0.018410041841004185	0.0	0.006136680613668061	0.030404463040446306	0.05885634588563459	0.013668061366806136	0.025662482566248257	0.016457461645746164	0.019246861924686193	0.0066945606694560665	0.009205020920502092	0.012552301255230125	0.028451882845188285	0.0005578800557880056	0.01506276150627615	0.002789400278940028	0.011715481171548118	0.0008368200836820083	0.00502092050209205	0.032357043235704326	0.07726638772663877	0.007531380753138075	0.029288702928870293	0.018688981868898186	0.016736401673640166	0.004463040446304045	0.004463040446304045	0.01394700139470014	0.04630404463040446	0.0033472803347280333	0.02203626220362622	0.010599721059972107	0.028730822873082287	0.0019525801952580196	0.013668061366806136	0.008368200836820083	0.025662482566248257	0.0033472803347280333	0.011157601115760111	0.0	0.022594142259414227	0.0	0.007531380753138075	0.009483960948396096	0.024546722454672244	0.001394700139470014	0.011715481171548118	0.020362622036262202	0.005578800557880056	0.007252440725244073	0.0022315202231520223	0.015899581589958158	0.04797768479776848	0.003905160390516039	0.02398884239888424
0.016736401673640166	0.02594142259414226	0.004741980474198048	0.007252440725244073	0.013110181311018132	0.043235704323570434	0.003905160390516039	0.01896792189679219	0.0	0.01813110181311018	0.0	0.006415620641562064	0.029567642956764294	0.05801952580195258	0.014504881450488146	0.026499302649930265	0.016457461645746164	0.01896792189679219	0.0066945606694560665	0.009483960948396096	0.012552301255230125	0.02817294281729428	0.0005578800557880056	0.015341701534170154	0.002789400278940028	0.010878661087866108	0.0008368200836820083	0.005857740585774059	0.03152022315202232	0.07894002789400278	0.0066945606694560665	0.029288702928870293	0.018688981868898186	0.016736401673640166	0.004463040446304045	0.004463040446304045	0.01394700139470014	0.045188284518828455	0.0033472803347280333	0.02315202231520223	0.010599721059972107	0.0301255230125523	0.0016736401673640166	0.012552301255230125	0.008089260808926082	0.026220362622036263	0.0033472803347280333	0.010878661087866108	0.0	0.022594142259414227	0.0	0.007531380753138075	0.008647140864714086	0.025383542538354256	0.001394700139470014	0.011715481171548118	0.020362622036262202	0.005578800557880056	0.007252440725244073	0.0022315202231520223	0.015899581589958158	0.04741980474198047	0.003905160390516039	0.024546722454672244
0.016736401673640166	0.02594142259414226	0.004741980474198048	0.007252440725244073	0.013668061366806136	0.042677824267782424	0.0033472803347280333	0.019525801952580194	0.0	0.01813110181311018	0.0	0.006415620641562064	0.030404463040446306	0.05801952580195258	0.013668061366806136	0.026499302649930265	0.016457461645746164	0.01896792189679219	0.0066945606694560665	0.009483960948396096	0.013389121338912133	0.026778242677824266	0.0005578800557880056	0.015899581589958158	0.002510460251046025	0.011436541143654114	0.0005578800557880056	0.005857740585774059	0.030404463040446306	0.07977684797768479	0.00697350069735007	0.029288702928870293	0.01785216178521618	0.016736401673640166	0.005299860529986053	0.004463040446304045	0.01394700139470014	0.04490934449093445	0.0033472803347280333	0.023430962343096235	0.010599721059972107	0.029567642956764294	0.0016736401673640166	0.013110181311018132	0.007531380753138075	0.025662482566248257	0.0036262203626220364	0.011715481171548118	0.0	0.022594142259414227	0.0	0.007531380753138075	0.008647140864714086	0.024546722454672244	0.001394700139470014	0.012552301255230125	0.020362622036262202	0.005578800557880056	0.007252440725244073	0.0022315202231520223	0.016178521617852163	0.048535564853556486	0.0036262203626220364	0.023430962343096235
0.016736401673640166	0.025383542538354256	0.004741980474198048	0.007810320781032078	0.013110181311018132	0.043235704323570434	0.0036262203626220364	0.019246861924686193	0.0	0.01701534170153417	0.0	0.007531380753138075	0.03096234309623431	0.05801952580195258	0.013110181311018132	0.026499302649930265	0.016178521617852163	0.019246861924686193	0.00697350069735007	0.009205020920502092	0.013668061366806136	0.027615062761506277	0.0002789400278940028	0.01506276150627615	0.002510460251046025	0.011436541143654114	0.0005578800557880056	0.005857740585774059	0.030404463040446306	0.0806136680613668	0.007531380753138075	0.02817294281729428	0.017573221757322177	0.016178521617852163	0.005578800557880056	0.00502092050209205	0.014225941422594143	0.044630404463040445	0.0033472803347280333	0.023430962343096235	0.010599721059972107	0.030404463040446306	0.0016736401673640166	0.012273361227336122	0.008089260808926082	0.025383542538354256	0.0033472803347280333	0.011715481171548118	0.0	0.02287308228730823	0.0	0.007252440725244073	0.009205020920502092	0.024267782426778243	0.0016736401673640166	0.01199442119944212	0.019525801952580194	0.005857740585774059	0.008089260808926082	0.0019525801952580196	0.016178521617852163	0.048535564853556486	0.0033472803347280333	0.023430962343096235
0.016457461645746164	0.02510460251046025	0.00502092050209205	0.008089260808926082	0.013110181311018132	0.04407252440725244	0.0036262203626220364	0.018410041841004185	0.0	0.017294281729428172	0.0	0.007252440725244073	0.030404463040446306	0.05829846582984658	0.013668061366806136	0.026220362622036263	0.016736401673640166	0.019246861924686193	0.006415620641562064	0.009205020920502092	0.014225941422594143	0.027615062761506277	0.0002789400278940028	0.014504881450488146	0.002789400278940028	0.011436541143654114	0.0005578800557880056	0.005578800557880056	0.030404463040446306	0.07977684797768479	0.007531380753138075	0.028451882845188285	0.017573221757322177	0.016457461645746164	0.005578800557880056	0.004741980474198048	0.014504881450488146	0.04379358437935844	0.0036262203626220364	0.023709902370990237	0.009762900976290097	0.0301255230125523	0.0019525801952580196	0.013110181311018132	0.007531380753138075	0.025662482566248257	0.0030683403068340305	0.012273361227336122	0.0	0.022594142259414227	0.0	0.007531380753138075	0.00892608089260809	0.025383542538354256	0.0022315202231520223	0.010599721059972107	0.019525801952580194	0.005857740585774059	0.008089260808926082	0.0019525801952580196	0.016178521617852163	0.048535564853556486	0.003905160390516039	0.023430962343096235
0.016736401673640166	0.025383542538354256	0.004741980474198048	0.007810320781032078	0.01199442119944212	0.04435146443514645	0.003905160390516039	0.01896792189679219	0.0	0.01701534170153417	0.0	0.007531380753138075	0.0298465829846583	0.056624825662482565	0.014225941422594143	0.02789400278940028	0.016457461645746164	0.019246861924686193	0.0066945606694560665	0.009205020920502092	0.014225941422594143	0.02705718270571827	0.0005578800557880056	0.014783821478382147	0.002789400278940028	0.011436541143654114	0.0005578800557880056	0.005578800557880056	0.03207810320781032	0.0792189679218968	0.007252440725244073	0.028730822873082287	0.017573221757322177	0.016736401673640166	0.005578800557880056	0.004463040446304045	0.014504881450488146	0.04490934449093445	0.0036262203626220364	0.022594142259414227	0.0100418410041841	0.029567642956764294	0.0019525801952580196	0.013389121338912133	0.008089260808926082	0.025383542538354256	0.0030683403068340305	0.01199442119944212	0.0	0.022594142259414227	0.0	0.007531380753138075	0.010320781032078103	0.024546722454672244	0.0016736401673640166	0.010599721059972107	0.0198047419804742	0.005857740585774059	0.007810320781032078	0.0019525801952580196	0.014783821478382147	0.04909344490934449	0.0041841004184100415	0.02287308228730823
0.016736401673640166	0.025383542538354256	0.004741980474198048	0.007810320781032078	0.012273361227336122	0.04435146443514645	0.003905160390516039	0.018688981868898186	0.0	0.016736401673640166	0.0	0.007810320781032078	0.029288702928870293	0.05718270571827057	0.014783821478382147	0.027336122733612273	0.016178521617852163	0.019246861924686193	0.00697350069735007	0.009205020920502092	0.014504881450488146	0.02705718270571827	0.0005578800557880056	0.014504881450488146	0.002789400278940028	0.01199442119944212	0.0005578800557880056	0.00502092050209205	0.031241283124128313	0.07838214783821479	0.007531380753138075	0.029567642956764294	0.01785216178521618	0.016457461645746164	0.005299860529986053	0.004741980474198048	0.014504881450488146	0.04546722454672245	0.003905160390516039	0.021757322175732216	0.009762900976290097	0.03096234309623431	0.001394700139470014	0.012831241283124128	0.007531380753138075	0.026220362622036263	0.0033472803347280333	0.011436541143654114	0.0	0.02287308228730823	0.0	0.007252440725244073	0.0100418410041841	0.02398884239888424	0.0022315202231520223	0.010878661087866108	0.019246861924686193	0.005857740585774059	0.008368200836820083	0.0019525801952580196	0.015620641562064157	0.049372384937238493	0.003905160390516039	0.022594142259414227
0.016457461645746164	0.024267782426778243	0.00502092050209205	0.00892608089260809	0.013110181311018132	0.04490934449093445	0.0030683403068340305	0.01813110181311018	0.0	0.01701534170153417	0.0	0.007531380753138075	0.028730822873082287	0.05746164574616457	0.015341701534170154	0.02705718270571827	0.016178521617852163	0.019246861924686193	0.00697350069735007	0.009205020920502092	0.014783821478382147	0.027336122733612273	0.0005578800557880056	0.01394700139470014	0.002789400278940028	0.011715481171548118	0.0008368200836820083	0.00502092050209205	0.0301255230125523	0.07866108786610879	0.007810320781032078	0.0301255230125523	0.018410041841004185	0.016457461645746164	0.004741980474198048	0.004741980474198048	0.014504881450488146	0.045188284518828455	0.004463040446304045	0.021478382147838215	0.009762900976290097	0.031241283124128313	0.0019525801952580196	0.01199442119944212	0.007810320781032078	0.025662482566248257	0.0033472803347280333	0.011715481171548118	0.0	0.02315202231520223	0.0	0.00697350069735007	0.009762900976290097	0.024267782426778243	0.002510460251046025	0.010599721059972107	0.019525801952580194	0.005857740585774059	0.008089260808926082	0.0019525801952580196	0.015620641562064157	0.04909344490934449	0.003905160390516039	0.02287308228730823
0.016736401673640166	0.023709902370990237	0.004741980474198048	0.009483960948396096	0.013668061366806136	0.045188284518828455	0.002789400278940028	0.017573221757322177	0.0	0.01701534170153417	0.0	0.007531380753138075	0.028730822873082287	0.05718270571827057	0.015341701534170154	0.027336122733612273	0.016178521617852163	0.019525801952580194	0.00697350069735007	0.00892608089260809	0.014504881450488146	0.02900976290097629	0.0005578800557880056	0.012552301255230125	0.0030683403068340305	0.011715481171548118	0.0008368200836820083	0.004741980474198048	0.03207810320781032	0.07642956764295676	0.007810320781032078	0.030683403068340307	0.018410041841004185	0.016457461645746164	0.004741980474198048	0.004741980474198048	0.01506276150627615	0.044630404463040445	0.0041841004184100415	0.021757322175732216	0.0100418410041841	0.03096234309623431	0.0022315202231520223	0.011715481171548118	0.007810320781032078	0.02482566248256625	0.0033472803347280333	0.012552301255230125	0.0	0.02315202231520223	0.0	0.00697350069735007	0.010320781032078103	0.024546722454672244	0.0022315202231520223	0.0100418410041841	0.019246861924686193	0.005857740585774059	0.008368200836820083	0.0019525801952580196	0.01506276150627615	0.04909344490934449	0.0041841004184100415	0.02287308228730823
0.016736401673640166	0.02315202231520223	0.004741980474198048	0.0100418410041841	0.01506276150627615	0.044630404463040445	0.0019525801952580196	0.017573221757322177	0.0	0.016736401673640166	0.0	0.007810320781032078	0.029288702928870293	0.05885634588563459	0.014783821478382147	0.025662482566248257	0.016178521617852163	0.019525801952580194	0.00697350069735007	0.00892608089260809	0.01394700139470014	0.029288702928870293	0.0005578800557880056	0.012831241283124128	0.002789400278940028	0.012273361227336122	0.0005578800557880056	0.004741980474198048	0.032635983263598324	0.07475592747559275	0.0066945606694560665	0.033193863319386334	0.018410041841004185	0.016736401673640166	0.004741980474198048	0.004463040446304045	0.016457461645746164	0.04435146443514645	0.003905160390516039	0.02092050209205021	0.009762900976290097	0.031241283124128313	0.0022315202231520223	0.011715481171548118	0.008368200836820083	0.02482566248256625	0.0030683403068340305	0.012273361227336122	0.0	0.02287308228730823	0.0	0.007252440725244073	0.009483960948396096	0.025662482566248257	0.0019525801952580196	0.0100418410041841	0.0198047419804742	0.005857740585774059	0.007810320781032078	0.0019525801952580196	0.014783821478382147	0.049372384937238493	0.0041841004184100415	0.022594142259414227
0.016736401673640166	0.02315202231520223	0.004741980474198048	0.0100418410041841	0.015620641562064157	0.04490934449093445	0.0019525801952580196	0.016736401673640166	0.0	0.016736401673640166	0.0	0.007810320781032078	0.029567642956764294	0.05913528591352859	0.014504881450488146	0.025383542538354256	0.015620641562064157	0.0198047419804742	0.007531380753138075	0.008647140864714086	0.013389121338912133	0.029288702928870293	0.0011157601115760112	0.012831241283124128	0.002789400278940028	0.012552301255230125	0.0005578800557880056	0.004463040446304045	0.031799163179916316	0.07503486750348674	0.007810320781032078	0.03347280334728033	0.018410041841004185	0.01701534170153417	0.004741980474198048	0.0041841004184100415	0.014783821478382147	0.04574616457461646	0.004741980474198048	0.020362622036262202	0.009483960948396096	0.031241283124128313	0.0022315202231520223	0.01199442119944212	0.008368200836820083	0.02482566248256625	0.0030683403068340305	0.012273361227336122	0.0	0.02315202231520223	0.0	0.00697350069735007	0.009483960948396096	0.02510460251046025	0.0022315202231520223	0.010320781032078103	0.019525801952580194	0.006136680613668061	0.008089260808926082	0.0016736401673640166	0.014504881450488146	0.048535564853556486	0.0036262203626220364	0.023430962343096235
0.016736401673640166	0.02287308228730823	0.004741980474198048	0.010320781032078103	0.015341701534170154	0.044630404463040445	0.0019525801952580196	0.017294281729428172	0.0	0.016457461645746164	0.0	0.008089260808926082	0.029567642956764294	0.059414225941422594	0.014504881450488146	0.02510460251046025	0.015899581589958158	0.0200836820083682	0.007252440725244073	0.008368200836820083	0.012831241283124128	0.029288702928870293	0.001394700139470014	0.013110181311018132	0.002510460251046025	0.012273361227336122	0.0008368200836820083	0.004741980474198048	0.032357043235704326	0.07642956764295676	0.007252440725244073	0.031799163179916316	0.018410041841004185	0.01701534170153417	0.004741980474198048	0.0041841004184100415	0.013110181311018132	0.046582984658298465	0.005578800557880056	0.020362622036262202	0.010878661087866108	0.03096234309623431	0.0019525801952580196	0.011157601115760111	0.008368200836820083	0.02510460251046025	0.0030683403068340305	0.01199442119944212	0.0	0.02287308228730823	0.0	0.007252440725244073	0.009205020920502092	0.026220362622036263	0.0022315202231520223	0.009483960948396096	0.019525801952580194	0.005857740585774059	0.008089260808926082	0.0019525801952580196	0.014783821478382147	0.04797768479776848	0.0036262203626220364	0.02398884239888424
0.016736401673640166	0.023430962343096235	0.004741980474198048	0.009762900976290097	0.015341701534170154	0.044630404463040445	0.0019525801952580196	0.017294281729428172	0.0	0.016457461645746164	0.0	0.008089260808926082	0.029567642956764294	0.05829846582984658	0.014504881450488146	0.026220362622036263	0.016178521617852163	0.020362622036262202	0.00697350069735007	0.008089260808926082	0.012552301255230125	0.030683403068340307	0.001394700139470014	0.01199442119944212	0.002510460251046025	0.012552301255230125	0.0008368200836820083	0.004463040446304045	0.03207810320781032	0.07782426778242678	0.005578800557880056	0.031241283124128313	0.018688981868898186	0.015899581589958158	0.004463040446304045	0.005299860529986053	0.014225941422594143	0.04714086471408647	0.004463040446304045	0.0198047419804742	0.010878661087866108	0.030404463040446306	0.0016736401673640166	0.01199442119944212	0.008368200836820083	0.02510460251046025	0.0030683403068340305	0.01199442119944212	0.0	0.02287308228730823	0.0	0.007252440725244073	0.00892608089260809	0.02705718270571827	0.0022315202231520223	0.00892608089260809	0.0198047419804742	0.006136680613668061	0.007810320781032078	0.0016736401673640166	0.015341701534170154	0.04881450488145049	0.0041841004184100415	0.02315202231520223
0.016736401673640166	0.02315202231520223	0.004741980474198048	0.0100418410041841	0.01506276150627615	0.045188284518828455	0.0019525801952580196	0.01701534170153417	0.0	0.016736401673640166	0.0	0.007810320781032078	0.029567642956764294	0.058577405857740586	0.014504881450488146	0.02594142259414226	0.016178521617852163	0.0200836820083682	0.00697350069735007	0.008368200836820083	0.013110181311018132	0.0301255230125523	0.001394700139470014	0.01199442119944212	0.002789400278940028	0.011157601115760111	0.0008368200836820083	0.005578800557880056	0.0298465829846583	0.0803347280334728	0.005857740585774059	0.031241283124128313	0.01813110181311018	0.015899581589958158	0.00502092050209205	0.005299860529986053	0.01394700139470014	0.04686192468619247	0.004463040446304045	0.020362622036262202	0.010320781032078103	0.031241283124128313	0.0016736401673640166	0.011715481171548118	0.008089260808926082	0.025383542538354256	0.002789400278940028	0.012273361227336122	0.0	0.02287308228730823	0.0	0.007252440725244073	0.00892608089260809	0.026778242677824266	0.0022315202231520223	0.009205020920502092	0.019525801952580194	0.006136680613668061	0.008089260808926082	0.0016736401673640166	0.014783821478382147	0.04881450488145049	0.0041841004184100415	0.02315202231520223
0.01701534170153417	0.02315202231520223	0.004463040446304045	0.0100418410041841	0.014225941422594143	0.045188284518828455	0.0022315202231520223	0.017573221757322177	0.0	0.016457461645746164	0.0	0.008089260808926082	0.0298465829846583	0.05829846582984658	0.014225941422594143	0.026220362622036263	0.016736401673640166	0.02092050209205021	0.006415620641562064	0.007531380753138075	0.012831241283124128	0.029288702928870293	0.0016736401673640166	0.012831241283124128	0.002789400278940028	0.011436541143654114	0.0008368200836820083	0.005299860529986053	0.029288702928870293	0.0803347280334728	0.005857740585774059	0.03096234309623431	0.01785216178521618	0.016178521617852163	0.005299860529986053	0.00502092050209205	0.014225941422594143	0.04769874476987448	0.003905160390516039	0.0198047419804742	0.010320781032078103	0.030404463040446306	0.0016736401673640166	0.012552301255230125	0.008089260808926082	0.025383542538354256	0.002789400278940028	0.012273361227336122	0.0	0.022594142259414227	0.0	0.007531380753138075	0.008647140864714086	0.026778242677824266	0.0022315202231520223	0.009483960948396096	0.018410041841004185	0.006415620641562064	0.009205020920502092	0.001394700139470014	0.015899581589958158	0.04825662482566248	0.003905160390516039	0.023709902370990237
0.017294281729428172	0.02287308228730823	0.0041841004184100415	0.010320781032078103	0.014225941422594143	0.04490934449093445	0.0022315202231520223	0.01785216178521618	0.0	0.01701534170153417	0.0	0.007531380753138075	0.029288702928870293	0.05913528591352859	0.014783821478382147	0.025383542538354256	0.016457461645746164	0.02092050209205021	0.0066945606694560665	0.007531380753138075	0.012273361227336122	0.0301255230125523	0.0016736401673640166	0.012552301255230125	0.002510460251046025	0.011436541143654114	0.0008368200836820083	0.005578800557880056	0.0298465829846583	0.08089260808926081	0.00697350069735007	0.028730822873082287	0.017573221757322177	0.016178521617852163	0.005578800557880056	0.00502092050209205	0.014225941422594143	0.04825662482566248	0.002789400278940028	0.020362622036262202	0.0100418410041841	0.031241283124128313	0.0016736401673640166	0.01199442119944212	0.008089260808926082	0.026220362622036263	0.002789400278940028	0.011436541143654114	0.0	0.02315202231520223	0.0	0.00697350069735007	0.00892608089260809	0.026499302649930265	0.002510460251046025	0.009205020920502092	0.018410041841004185	0.006415620641562064	0.009205020920502092	0.001394700139470014	0.016457461645746164	0.04909344490934449	0.0033472803347280333	0.02287308228730823
0.016457461645746164	0.02315202231520223	0.00502092050209205	0.0100418410041841	0.014225941422594143	0.04490934449093445	0.002510460251046025	0.017573221757322177	0.0	0.016736401673640166	0.0	0.007810320781032078	0.0301255230125523	0.0602510460251046	0.01394700139470014	0.024267782426778243	0.016736401673640166	0.02092050209205021	0.006415620641562064	0.007531380753138075	0.011436541143654114	0.0301255230125523	0.0022315202231520223	0.012831241283124128	0.002789400278940028	0.011157601115760111	0.0005578800557880056	0.005857740585774059	0.029567642956764294	0.0792189679218968	0.007252440725244073	0.030683403068340307	0.017573221757322177	0.016178521617852163	0.005578800557880056	0.00502092050209205	0.014225941422594143	0.048535564853556486	0.002510460251046025	0.020362622036262202	0.010599721059972107	0.03152022315202232	0.0016736401673640166	0.011157601115760111	0.008368200836820083	0.025383542538354256	0.002789400278940028	0.01199442119944212	0.0	0.022594142259414227	0.0	0.007531380753138075	0.00892608089260809	0.02594142259414226	0.002510460251046025	0.009762900976290097	0.018688981868898186	0.006415620641562064	0.00892608089260809	0.001394700139470014	0.016178521617852163	0.048535564853556486	0.0033472803347280333	0.023430962343096235
0.01701534170153417	0.02315202231520223	0.004463040446304045	0.0100418410041841	0.014225941422594143	0.045188284518828455	0.002789400278940028	0.01701534170153417	0.0	0.016457461645746164	0.0	0.008089260808926082	0.030683403068340307	0.0602510460251046	0.013389121338912133	0.024267782426778243	0.01701534170153417	0.020641562064156207	0.006136680613668061	0.007810320781032078	0.011715481171548118	0.029288702928870293	0.0022315202231520223	0.013389121338912133	0.002510460251046025	0.010878661087866108	0.0008368200836820083	0.006136680613668061	0.0301255230125523	0.07894002789400278	0.007252440725244073	0.030683403068340307	0.017294281729428172	0.016178521617852163	0.005857740585774059	0.00502092050209205	0.014225941422594143	0.04881450488145049	0.002510460251046025	0.0200836820083682	0.011157601115760111	0.03096234309623431	0.0016736401673640166	0.011157601115760111	0.009205020920502092	0.02482566248256625	0.002789400278940028	0.011715481171548118	0.0	0.02203626220362622	0.0	0.008089260808926082	0.009205020920502092	0.02594142259414226	0.002510460251046025	0.009483960948396096	0.01896792189679219	0.006415620641562064	0.008647140864714086	0.001394700139470014	0.015620641562064157	0.04797768479776848	0.0036262203626220364	0.02398884239888424
0.016736401673640166	0.022315202231520222	0.004741980474198048	0.010878661087866108	0.013110181311018132	0.04574616457461646	0.0033472803347280333	0.01701534170153417	0.0	0.016178521617852163	0.0	0.008368200836820083	0.031241283124128313	0.0599721059972106	0.012831241283124128	0.024546722454672244	0.017294281729428172	0.02092050209205021	0.005857740585774059	0.007531380753138075	0.011157601115760111	0.028730822873082287	0.002510460251046025	0.014225941422594143	0.002510460251046025	0.010878661087866108	0.0008368200836820083	0.006136680613668061	0.031241283124128313	0.07782426778242678	0.007531380753138075	0.03152022315202232	0.017294281729428172	0.015899581589958158	0.005857740585774059	0.005299860529986053	0.01394700139470014	0.04909344490934449	0.0019525801952580196	0.020641562064156207	0.011157601115760111	0.03207810320781032	0.001394700139470014	0.010320781032078103	0.00892608089260809	0.024546722454672244	0.0030683403068340305	0.01199442119944212	0.0	0.021757322175732216	0.0	0.008368200836820083	0.00892608089260809	0.026778242677824266	0.002510460251046025	0.00892608089260809	0.018688981868898186	0.0066945606694560665	0.00892608089260809	0.0011157601115760112	0.014504881450488146	0.04769874476987448	0.0036262203626220364	0.024267782426778243
0.016178521617852163	0.022315202231520222	0.005299860529986053	0.010878661087866108	0.012552301255230125	0.04574616457461646	0.0033472803347280333	0.017573221757322177	0.0	0.015341701534170154	0.0	0.009205020920502092	0.030683403068340307	0.0599721059972106	0.013389121338912133	0.024546722454672244	0.017294281729428172	0.02092050209205021	0.005857740585774059	0.007531380753138075	0.011436541143654114	0.02900976290097629	0.0022315202231520223	0.01394700139470014	0.0030683403068340305	0.010878661087866108	0.0005578800557880056	0.005857740585774059	0.030683403068340307	0.07782426778242678	0.007531380753138075	0.03207810320781032	0.01701534170153417	0.016178521617852163	0.006136680613668061	0.00502092050209205	0.014504881450488146	0.04881450488145049	0.0022315202231520223	0.0200836820083682	0.011157601115760111	0.03207810320781032	0.001394700139470014	0.010320781032078103	0.00892608089260809	0.02482566248256625	0.0033472803347280333	0.011436541143654114	0.0	0.022315202231520222	0.0	0.007810320781032078	0.009483960948396096	0.026499302649930265	0.002510460251046025	0.008647140864714086	0.01896792189679219	0.006415620641562064	0.008647140864714086	0.001394700139470014	0.014783821478382147	0.04881450488145049	0.0033472803347280333	0.02315202231520223
0.015899581589958158	0.022315202231520222	0.005578800557880056	0.010878661087866108	0.012273361227336122	0.04546722454672245	0.0033472803347280333	0.01813110181311018	0.0	0.015620641562064157	0.0	0.00892608089260809	0.03096234309623431	0.0596931659693166	0.013110181311018132	0.02482566248256625	0.017573221757322177	0.021199442119944213	0.005578800557880056	0.007252440725244073	0.011157601115760111	0.0301255230125523	0.0016736401673640166	0.013668061366806136	0.002789400278940028	0.010878661087866108	0.0008368200836820083	0.005857740585774059	0.0298465829846583	0.07754532775453278	0.007252440725244073	0.03291492329149233	0.017294281729428172	0.016457461645746164	0.005857740585774059	0.004741980474198048	0.01506276150627615	0.04630404463040446	0.002510460251046025	0.021757322175732216	0.010878661087866108	0.031799163179916316	0.0016736401673640166	0.010599721059972107	0.008368200836820083	0.025383542538354256	0.0030683403068340305	0.011715481171548118	0.0	0.022315202231520222	0.0	0.007810320781032078	0.009483960948396096	0.02705718270571827	0.0022315202231520223	0.008368200836820083	0.019246861924686193	0.006415620641562064	0.008368200836820083	0.001394700139470014	0.014783821478382147	0.049372384937238493	0.003905160390516039	0.022594142259414227
0.016178521617852163	0.02315202231520223	0.005299860529986053	0.0100418410041841	0.012831241283124128	0.04407252440725244	0.0036262203626220364	0.018688981868898186	0.0	0.015341701534170154	0.0	0.009205020920502092	0.03152022315202232	0.05885634588563459	0.012552301255230125	0.025662482566248257	0.017573221757322177	0.021199442119944213	0.005578800557880056	0.007252440725244073	0.010878661087866108	0.0301255230125523	0.0016736401673640166	0.01394700139470014	0.002789400278940028	0.010878661087866108	0.0008368200836820083	0.005857740585774059	0.030683403068340307	0.07810320781032078	0.0066945606694560665	0.032635983263598324	0.01701534170153417	0.01701534170153417	0.006136680613668061	0.0041841004184100415	0.014504881450488146	0.04686192468619247	0.002510460251046025	0.021757322175732216	0.010878661087866108	0.03152022315202232	0.0016736401673640166	0.010878661087866108	0.00892608089260809	0.02594142259414226	0.002789400278940028	0.010878661087866108	0.0	0.02203626220362622	0.0	0.008089260808926082	0.009205020920502092	0.027615062761506277	0.002510460251046025	0.007810320781032078	0.019246861924686193	0.006415620641562064	0.008368200836820083	0.001394700139470014	0.01394700139470014	0.04881450488145049	0.0041841004184100415	0.02315202231520223
0.016457461645746164	0.023430962343096235	0.00502092050209205	0.009762900976290097	0.013389121338912133	0.043235704323570434	0.0030683403068340305	0.019525801952580194	0.0	0.01506276150627615	0.0	0.009483960948396096	0.03096234309623431	0.05913528591352859	0.013110181311018132	0.025383542538354256	0.01785216178521618	0.020641562064156207	0.005299860529986053	0.007810320781032078	0.010878661087866108	0.030683403068340307	0.0016736401673640166	0.013389121338912133	0.002789400278940028	0.011436541143654114	0.0008368200836820083	0.005299860529986053	0.03096234309623431	0.07754532775453278	0.00697350069735007	0.03291492329149233	0.01701534170153417	0.016736401673640166	0.006136680613668061	0.004463040446304045	0.014504881450488146	0.04574616457461646	0.002789400278940028	0.022594142259414227	0.011715481171548118	0.031799163179916316	0.0016736401673640166	0.009762900976290097	0.008647140864714086	0.025662482566248257	0.002789400278940028	0.011436541143654114	0.0	0.022315202231520222	0.0	0.007810320781032078	0.00892608089260809	0.02817294281729428	0.002510460251046025	0.007531380753138075	0.019246861924686193	0.006415620641562064	0.008368200836820083	0.001394700139470014	0.013389121338912133	0.04825662482566248	0.004463040446304045	0.023709902370990237
0.016178521617852163	0.022315202231520222	0.005299860529986053	0.010878661087866108	0.01394700139470014	0.04156206415620642	0.0030683403068340305	0.020641562064156207	0.0	0.015620641562064157	0.0	0.00892608089260809	0.03152022315202232	0.059414225941422594	0.012552301255230125	0.02510460251046025	0.01785216178521618	0.021199442119944213	0.005299860529986053	0.007252440725244073	0.011157601115760111	0.030404463040446306	0.0019525801952580196	0.013110181311018132	0.002789400278940028	0.011157601115760111	0.0005578800557880056	0.005857740585774059	0.029567642956764294	0.07838214783821479	0.00697350069735007	0.033193863319386334	0.01701534170153417	0.016736401673640166	0.006136680613668061	0.004463040446304045	0.014504881450488146	0.04490934449093445	0.002789400278940028	0.023430962343096235	0.011157601115760111	0.032635983263598324	0.0016736401673640166	0.009483960948396096	0.009205020920502092	0.026220362622036263	0.0022315202231520223	0.010878661087866108	0.0	0.021757322175732216	0.0	0.008368200836820083	0.009205020920502092	0.027615062761506277	0.0022315202231520223	0.008089260808926082	0.019525801952580194	0.006415620641562064	0.008089260808926082	0.001394700139470014	0.01394700139470014	0.04881450488145049	0.0041841004184100415	0.02315202231520223
0.016178521617852163	0.022315202231520222	0.005299860529986053	0.010878661087866108	0.013668061366806136	0.042398884239888426	0.0033472803347280333	0.0198047419804742	0.0	0.015899581589958158	0.0	0.008647140864714086	0.03096234309623431	0.05829846582984658	0.013110181311018132	0.026220362622036263	0.01813110181311018	0.02092050209205021	0.00502092050209205	0.007531380753138075	0.011436541143654114	0.029567642956764294	0.001394700139470014	0.014225941422594143	0.002789400278940028	0.011436541143654114	0.0005578800557880056	0.005578800557880056	0.029288702928870293	0.07894002789400278	0.00697350069735007	0.03291492329149233	0.017294281729428172	0.016178521617852163	0.005857740585774059	0.00502092050209205	0.014225941422594143	0.04490934449093445	0.002789400278940028	0.023709902370990237	0.011436541143654114	0.031241283124128313	0.0016736401673640166	0.010599721059972107	0.008647140864714086	0.026220362622036263	0.0022315202231520223	0.011436541143654114	0.0	0.021757322175732216	0.0	0.008368200836820083	0.009483960948396096	0.02705718270571827	0.0022315202231520223	0.008368200836820083	0.0198047419804742	0.006415620641562064	0.007810320781032078	0.001394700139470014	0.013389121338912133	0.048535564853556486	0.004741980474198048	0.023430962343096235
0.016457461645746164	0.022594142259414227	0.00502092050209205	0.010599721059972107	0.013389121338912133	0.04211994421199442	0.0033472803347280333	0.020362622036262202	0.0	0.015899581589958158	0.0	0.008647140864714086	0.03096234309623431	0.05718270571827057	0.013110181311018132	0.027336122733612273	0.01785216178521618	0.020641562064156207	0.005299860529986053	0.007810320781032078	0.011157601115760111	0.02900976290097629	0.001394700139470014	0.01506276150627615	0.002789400278940028	0.011436541143654114	0.0005578800557880056	0.005578800557880056	0.029567642956764294	0.07782426778242678	0.0066945606694560665	0.03430962343096234	0.017573221757322177	0.016178521617852163	0.005578800557880056	0.00502092050209205	0.014504881450488146	0.04546722454672245	0.002510460251046025	0.02315202231520223	0.011157601115760111	0.03152022315202232	0.0016736401673640166	0.010599721059972107	0.00892608089260809	0.02594142259414226	0.0016736401673640166	0.01199442119944212	0.0	0.021757322175732216	0.0	0.008368200836820083	0.010320781032078103	0.026778242677824266	0.0022315202231520223	0.007810320781032078	0.0200836820083682	0.006415620641562064	0.007531380753138075	0.001394700139470014	0.01394700139470014	0.04797768479776848	0.003905160390516039	0.02398884239888424
0.016457461645746164	0.02287308228730823	0.00502092050209205	0.010320781032078103	0.013389121338912133	0.04211994421199442	0.0036262203626220364	0.0200836820083682	0.0	0.015620641562064157	0.0	0.00892608089260809	0.030683403068340307	0.05606694560669456	0.013389121338912133	0.028451882845188285	0.01785216178521618	0.02092050209205021	0.005299860529986053	0.007531380753138075	0.010878661087866108	0.0298465829846583	0.0016736401673640166	0.014225941422594143	0.002789400278940028	0.010878661087866108	0.0005578800557880056	0.006136680613668061	0.0298465829846583	0.07754532775453278	0.00697350069735007	0.034588563458856345	0.01785216178521618	0.016178521617852163	0.005299860529986053	0.00502092050209205	0.014504881450488146	0.045188284518828455	0.0022315202231520223	0.023709902370990237	0.011157601115760111	0.031241283124128313	0.0016736401673640166	0.010878661087866108	0.009205020920502092	0.025662482566248257	0.0016736401673640166	0.01199442119944212	0.0	0.021757322175732216	0.0	0.008368200836820083	0.0100418410041841	0.026220362622036263	0.0022315202231520223	0.008647140864714086	0.020362622036262202	0.006415620641562064	0.007252440725244073	0.001394700139470014	0.013389121338912133	0.04741980474198047	0.003905160390516039	0.024546722454672244
0.016457461645746164	0.02287308228730823	0.00502092050209205	0.010320781032078103	0.014504881450488146	0.04211994421199442	0.0036262203626220364	0.01896792189679219	0.0	0.015899581589958158	0.0	0.008647140864714086	0.030683403068340307	0.056624825662482565	0.013389121338912133	0.02789400278940028	0.018410041841004185	0.02092050209205021	0.004741980474198048	0.007531380753138075	0.0100418410041841	0.03096234309623431	0.0016736401673640166	0.01394700139470014	0.0033472803347280333	0.010320781032078103	0.0005578800557880056	0.006136680613668061	0.02900976290097629	0.07838214783821479	0.008089260808926082	0.03347280334728033	0.01785216178521618	0.015899581589958158	0.005299860529986053	0.005299860529986053	0.015341701534170154	0.045188284518828455	0.0019525801952580196	0.02315202231520223	0.010599721059972107	0.031241283124128313	0.0019525801952580196	0.011157601115760111	0.009205020920502092	0.025383542538354256	0.0016736401673640166	0.012273361227336122	0.0	0.021757322175732216	0.0	0.008368200836820083	0.010320781032078103	0.025662482566248257	0.002510460251046025	0.008647140864714086	0.020641562064156207	0.006415620641562064	0.00697350069735007	0.001394700139470014	0.013110181311018132	0.04686192468619247	0.0041841004184100415	0.02510460251046025
0.016178521617852163	0.022315202231520222	0.005299860529986053	0.010878661087866108	0.01394700139470014	0.043235704323570434	0.0041841004184100415	0.01785216178521618	0.0	0.016457461645746164	0.0	0.008089260808926082	0.030683403068340307	0.056624825662482565	0.013389121338912133	0.02789400278940028	0.01896792189679219	0.02092050209205021	0.0041841004184100415	0.007531380753138075	0.009762900976290097	0.03152022315202232	0.001394700139470014	0.01394700139470014	0.0036262203626220364	0.010599721059972107	0.0002789400278940028	0.005857740585774059	0.02817294281729428	0.07810320781032078	0.007252440725244073	0.03486750348675035	0.01785216178521618	0.015899581589958158	0.005299860529986053	0.005299860529986053	0.01506276150627615	0.04490934449093445	0.002789400278940028	0.02287308228730823	0.009762900976290097	0.031799163179916316	0.0022315202231520223	0.011157601115760111	0.009205020920502092	0.025383542538354256	0.0016736401673640166	0.012273361227336122	0.0	0.021757322175732216	0.0	0.008368200836820083	0.010320781032078103	0.025662482566248257	0.002510460251046025	0.008647140864714086	0.020641562064156207	0.006415620641562064	0.00697350069735007	0.001394700139470014	0.014225941422594143	0.04686192468619247	0.0036262203626220364	0.02510460251046025
0.016178521617852163	0.022594142259414227	0.005299860529986053	0.010599721059972107	0.014225941422594143	0.04435146443514645	0.003905160390516039	0.016736401673640166	0.0	0.016457461645746164	0.0	0.008089260808926082	0.031241283124128313	0.05801952580195258	0.012831241283124128	0.026499302649930265	0.018410041841004185	0.02092050209205021	0.004741980474198048	0.007531380753138075	0.009762900976290097	0.03096234309623431	0.001394700139470014	0.014504881450488146	0.003905160390516039	0.010878661087866108	0.0002789400278940028	0.005299860529986053	0.02789400278940028	0.0792189679218968	0.006415620641562064	0.035146443514644354	0.01813110181311018	0.015899581589958158	0.00502092050209205	0.005299860529986053	0.015341701534170154	0.04490934449093445	0.002789400278940028	0.022594142259414227	0.009483960948396096	0.032357043235704326	0.002510460251046025	0.010599721059972107	0.009762900976290097	0.02398884239888424	0.001394700139470014	0.013389121338912133	0.0	0.02203626220362622	0.0	0.008089260808926082	0.0100418410041841	0.025662482566248257	0.0022315202231520223	0.009205020920502092	0.02092050209205021	0.006415620641562064	0.0066945606694560665	0.001394700139470014	0.014504881450488146	0.04769874476987448	0.0030683403068340305	0.024267782426778243
0.016457461645746164	0.022315202231520222	0.00502092050209205	0.010878661087866108	0.015341701534170154	0.04351464435146443	0.0033472803347280333	0.01701534170153417	0.0	0.016457461645746164	0.0	0.008089260808926082	0.031241283124128313	0.05913528591352859	0.012831241283124128	0.025383542538354256	0.017294281729428172	0.021199442119944213	0.005857740585774059	0.007252440725244073	0.009762900976290097	0.0301255230125523	0.0016736401673640166	0.01506276150627615	0.0041841004184100415	0.010320781032078103	0.0002789400278940028	0.005578800557880056	0.026220362622036263	0.0803347280334728	0.006415620641562064	0.03570432357043236	0.017573221757322177	0.015899581589958158	0.005578800557880056	0.005299860529986053	0.015620641562064157	0.04490934449093445	0.0030683403068340305	0.02203626220362622	0.009205020920502092	0.03207810320781032	0.002510460251046025	0.011157601115760111	0.009205020920502092	0.02482566248256625	0.0019525801952580196	0.012552301255230125	0.0	0.021757322175732216	0.0	0.008368200836820083	0.010599721059972107	0.025662482566248257	0.0019525801952580196	0.00892608089260809	0.021199442119944213	0.006415620641562064	0.006415620641562064	0.001394700139470014	0.014225941422594143	0.04686192468619247	0.0033472803347280333	0.02510460251046025
0.015899581589958158	0.022594142259414227	0.005578800557880056	0.010599721059972107	0.014504881450488146	0.04184100418410042	0.0041841004184100415	0.018688981868898186	0.0	0.016457461645746164	0.0	0.008089260808926082	0.031799163179916316	0.05746164574616457	0.012273361227336122	0.02705718270571827	0.017294281729428172	0.021478382147838215	0.005857740585774059	0.00697350069735007	0.0100418410041841	0.029288702928870293	0.0016736401673640166	0.015620641562064157	0.004463040446304045	0.009762900976290097	0.0002789400278940028	0.005857740585774059	0.026499302649930265	0.07977684797768479	0.006415620641562064	0.03542538354253835	0.01785216178521618	0.015899581589958158	0.005299860529986053	0.005299860529986053	0.01506276150627615	0.04574616457461646	0.002510460251046025	0.022315202231520222	0.0100418410041841	0.031799163179916316	0.002789400278940028	0.010320781032078103	0.010599721059972107	0.024546722454672244	0.0022315202231520223	0.011157601115760111	0.0	0.022594142259414227	0.0	0.007531380753138075	0.010599721059972107	0.02482566248256625	0.0022315202231520223	0.009483960948396096	0.021199442119944213	0.006415620641562064	0.006415620641562064	0.001394700139470014	0.014504881450488146	0.04630404463040446	0.0036262203626220364	0.025662482566248257
0.015899581589958158	0.022594142259414227	0.005578800557880056	0.010599721059972107	0.014504881450488146	0.04184100418410042	0.004463040446304045	0.018410041841004185	0.0	0.016457461645746164	0.0	0.008089260808926082	0.03207810320781032	0.05774058577405858	0.01199442119944212	0.026778242677824266	0.017573221757322177	0.022315202231520222	0.005578800557880056	0.006136680613668061	0.010599721059972107	0.028730822873082287	0.0016736401673640166	0.015620641562064157	0.004463040446304045	0.009762900976290097	0.0002789400278940028	0.005857740585774059	0.02398884239888424	0.08145048814504881	0.0066945606694560665	0.035146443514644354	0.017573221757322177	0.015899581589958158	0.005578800557880056	0.005299860529986053	0.014504881450488146	0.04574616457461646	0.002789400278940028	0.022594142259414227	0.0100418410041841	0.03207810320781032	0.0030683403068340305	0.009762900976290097	0.010599721059972107	0.023709902370990237	0.002510460251046025	0.011715481171548118	0.0	0.02287308228730823	0.0	0.007252440725244073	0.0100418410041841	0.02510460251046025	0.0022315202231520223	0.009762900976290097	0.021199442119944213	0.006415620641562064	0.006415620641562064	0.001394700139470014	0.015341701534170154	0.04546722454672245	0.0036262203626220364	0.026499302649930265
0.015899581589958158	0.022594142259414227	0.005578800557880056	0.010599721059972107	0.015899581589958158	0.040446304044630406	0.0041841004184100415	0.018688981868898186	0.0	0.016457461645746164	0.0	0.008089260808926082	0.031799163179916316	0.05718270571827057	0.012273361227336122	0.027336122733612273	0.01785216178521618	0.021757322175732216	0.005299860529986053	0.0066945606694560665	0.010878661087866108	0.029567642956764294	0.0016736401673640166	0.014504881450488146	0.004463040446304045	0.009762900976290097	0.0002789400278940028	0.005857740585774059	0.02398884239888424	0.08089260808926081	0.00697350069735007	0.03570432357043236	0.017573221757322177	0.016178521617852163	0.005578800557880056	0.00502092050209205	0.014504881450488146	0.04602510460251046	0.0030683403068340305	0.02203626220362622	0.0100418410041841	0.03207810320781032	0.0030683403068340305	0.009762900976290097	0.010599721059972107	0.02398884239888424	0.002510460251046025	0.011436541143654114	0.0	0.022315202231520222	0.0	0.007810320781032078	0.009483960948396096	0.02510460251046025	0.002510460251046025	0.0100418410041841	0.020641562064156207	0.006415620641562064	0.00697350069735007	0.001394700139470014	0.01506276150627615	0.04546722454672245	0.0036262203626220364	0.026499302649930265
0.015899581589958158	0.02287308228730823	0.005578800557880056	0.010320781032078103	0.015620641562064157	0.041283124128312414	0.004463040446304045	0.01785216178521618	0.0	0.01701534170153417	0.0	0.007531380753138075	0.031799163179916316	0.05746164574616457	0.012273361227336122	0.02705718270571827	0.01813110181311018	0.021199442119944213	0.00502092050209205	0.007252440725244073	0.010599721059972107	0.029288702928870293	0.0019525801952580196	0.014783821478382147	0.004741980474198048	0.009205020920502092	0.0002789400278940028	0.006136680613668061	0.02398884239888424	0.0806136680613668	0.006415620641562064	0.03626220362622036	0.01785216178521618	0.016178521617852163	0.005299860529986053	0.00502092050209205	0.01506276150627615	0.045188284518828455	0.0033472803347280333	0.02203626220362622	0.010878661087866108	0.032357043235704326	0.002789400278940028	0.00892608089260809	0.010599721059972107	0.023430962343096235	0.002789400278940028	0.011715481171548118	0.0	0.021757322175732216	0.0	0.008368200836820083	0.010599721059972107	0.024546722454672244	0.002510460251046025	0.009483960948396096	0.020362622036262202	0.006136680613668061	0.007252440725244073	0.0016736401673640166	0.015341701534170154	0.04490934449093445	0.0036262203626220364	0.02705718270571827
0.015620641562064157	0.02203626220362622	0.005857740585774059	0.011157601115760111	0.015899581589958158	0.04156206415620642	0.0041841004184100415	0.017573221757322177	0.0	0.016736401673640166	0.0	0.007810320781032078	0.032357043235704326	0.05801952580195258	0.011715481171548118	0.026499302649930265	0.01813110181311018	0.02092050209205021	0.00502092050209205	0.007531380753138075	0.009762900976290097	0.029567642956764294	0.002510460251046025	0.014783821478382147	0.004741980474198048	0.009205020920502092	0.0002789400278940028	0.006136680613668061	0.02510460251046025	0.0800557880055788	0.0066945606694560665	0.03598326359832636	0.017294281729428172	0.016178521617852163	0.005857740585774059	0.00502092050209205	0.015341701534170154	0.04435146443514645	0.0033472803347280333	0.022594142259414227	0.011436541143654114	0.031241283124128313	0.002789400278940028	0.009483960948396096	0.010878661087866108	0.023430962343096235	0.002510460251046025	0.011715481171548118	0.0	0.02203626220362622	0.0	0.008089260808926082	0.011436541143654114	0.023709902370990237	0.0019525801952580196	0.0100418410041841	0.020641562064156207	0.005857740585774059	0.00697350069735007	0.0019525801952580196	0.01506276150627615	0.04546722454672245	0.0033472803347280333	0.026499302649930265
0.015620641562064157	0.02203626220362622	0.005857740585774059	0.011157601115760111	0.015899581589958158	0.040446304044630406	0.004463040446304045	0.018410041841004185	0.0	0.016736401673640166	0.0	0.007810320781032078	0.032357043235704326	0.05913528591352859	0.011715481171548118	0.025383542538354256	0.01785216178521618	0.02092050209205021	0.005299860529986053	0.007531380753138075	0.010320781032078103	0.029567642956764294	0.0022315202231520223	0.014504881450488146	0.004741980474198048	0.00892608089260809	0.0002789400278940028	0.006415620641562064	0.024546722454672244	0.0806136680613668	0.00697350069735007	0.03542538354253835	0.017294281729428172	0.016457461645746164	0.005857740585774059	0.004741980474198048	0.01506276150627615	0.04490934449093445	0.0030683403068340305	0.022594142259414227	0.010320781032078103	0.032635983263598324	0.0022315202231520223	0.009762900976290097	0.010878661087866108	0.023430962343096235	0.002510460251046025	0.011715481171548118	0.0	0.022594142259414227	0.0	0.007531380753138075	0.011436541143654114	0.023430962343096235	0.0019525801952580196	0.010320781032078103	0.020362622036262202	0.005857740585774059	0.007252440725244073	0.0019525801952580196	0.015341701534170154	0.04602510460251046	0.0033472803347280333	0.02594142259414226
0.016736401673640166	0.021478382147838215	0.004741980474198048	0.011715481171548118	0.016178521617852163	0.0401673640167364	0.0041841004184100415	0.018688981868898186	0.0	0.01701534170153417	0.0	0.007531380753138075	0.03291492329149233	0.0596931659693166	0.011157601115760111	0.02482566248256625	0.017294281729428172	0.02092050209205021	0.005857740585774059	0.007531380753138075	0.010320781032078103	0.0301255230125523	0.0019525801952580196	0.014225941422594143	0.004741980474198048	0.00892608089260809	0.0002789400278940028	0.006415620641562064	0.023430962343096235	0.0806136680613668	0.00697350069735007	0.03542538354253835	0.017294281729428172	0.016178521617852163	0.005857740585774059	0.00502092050209205	0.014504881450488146	0.044630404463040445	0.0036262203626220364	0.02287308228730823	0.010878661087866108	0.031799163179916316	0.0022315202231520223	0.0100418410041841	0.010599721059972107	0.022594142259414227	0.002789400278940028	0.012552301255230125	0.0	0.02287308228730823	0.0	0.007252440725244073	0.010878661087866108	0.024267782426778243	0.0019525801952580196	0.0100418410041841	0.020362622036262202	0.005857740585774059	0.007252440725244073	0.0019525801952580196	0.015899581589958158	0.04630404463040446	0.003905160390516039	0.025662482566248257
0.015899581589958158	0.021478382147838215	0.005578800557880056	0.011715481171548118	0.016457461645746164	0.03933054393305439	0.0041841004184100415	0.019246861924686193	0.0	0.017294281729428172	0.0	0.007252440725244073	0.03347280334728033	0.0596931659693166	0.010599721059972107	0.02482566248256625	0.017294281729428172	0.021199442119944213	0.005857740585774059	0.007252440725244073	0.010878661087866108	0.0301255230125523	0.0016736401673640166	0.01394700139470014	0.00502092050209205	0.009205020920502092	0.0002789400278940028	0.005857740585774059	0.024267782426778243	0.08089260808926081	0.007531380753138075	0.03430962343096234	0.016736401673640166	0.016736401673640166	0.006415620641562064	0.004463040446304045	0.014225941422594143	0.04574616457461646	0.0041841004184100415	0.021478382147838215	0.010599721059972107	0.03207810320781032	0.0019525801952580196	0.010320781032078103	0.010320781032078103	0.02315202231520223	0.002510460251046025	0.012552301255230125	0.0	0.02315202231520223	0.0	0.00697350069735007	0.010599721059972107	0.024546722454672244	0.0016736401673640166	0.010320781032078103	0.0200836820083682	0.005857740585774059	0.007531380753138075	0.0019525801952580196	0.014783821478382147	0.04714086471408647	0.004463040446304045	0.02482566248256625
0.015620641562064157	0.021757322175732216	0.005857740585774059	0.011436541143654114	0.016736401673640166	0.0396094839609484	0.004463040446304045	0.018410041841004185	0.0	0.01701534170153417	0.0	0.007531380753138075	0.03375174337517434	0.059414225941422594	0.010320781032078103	0.02510460251046025	0.01701534170153417	0.021478382147838215	0.006136680613668061	0.00697350069735007	0.010878661087866108	0.030404463040446306	0.0016736401673640166	0.013668061366806136	0.00502092050209205	0.009205020920502092	0.0002789400278940028	0.005857740585774059	0.025662482566248257	0.08089260808926081	0.008368200836820083	0.032635983263598324	0.016736401673640166	0.016457461645746164	0.006415620641562064	0.004741980474198048	0.014783821478382147	0.04574616457461646	0.0041841004184100415	0.02092050209205021	0.010878661087866108	0.03152022315202232	0.0019525801952580196	0.010599721059972107	0.0100418410041841	0.023430962343096235	0.002789400278940028	0.012273361227336122	0.0	0.02315202231520223	0.0	0.00697350069735007	0.010599721059972107	0.02398884239888424	0.0016736401673640166	0.010878661087866108	0.0198047419804742	0.006136680613668061	0.007810320781032078	0.0016736401673640166	0.014783821478382147	0.04630404463040446	0.003905160390516039	0.025662482566248257
0.015620641562064157	0.021757322175732216	0.005857740585774059	0.011436541143654114	0.017294281729428172	0.039888423988842396	0.004741980474198048	0.017294281729428172	0.0	0.01701534170153417	0.0	0.007531380753138075	0.03430962343096234	0.05885634588563459	0.009762900976290097	0.025662482566248257	0.01701534170153417	0.021478382147838215	0.006136680613668061	0.00697350069735007	0.012273361227336122	0.0301255230125523	0.0016736401673640166	0.012552301255230125	0.004741980474198048	0.009483960948396096	0.0005578800557880056	0.005578800557880056	0.02482566248256625	0.0806136680613668	0.007810320781032078	0.03375174337517434	0.01701534170153417	0.016457461645746164	0.006136680613668061	0.004741980474198048	0.015341701534170154	0.04574616457461646	0.003905160390516039	0.020641562064156207	0.011715481171548118	0.031241283124128313	0.0022315202231520223	0.009762900976290097	0.0100418410041841	0.02398884239888424	0.0022315202231520223	0.012273361227336122	0.0	0.02287308228730823	0.0	0.007252440725244073	0.010320781032078103	0.02398884239888424	0.0016736401673640166	0.011157601115760111	0.020641562064156207	0.005857740585774059	0.00697350069735007	0.0019525801952580196	0.014783821478382147	0.04714086471408647	0.004463040446304045	0.02482566248256625
0.015899581589958158	0.022594142259414227	0.005578800557880056	0.010599721059972107	0.016457461645746164	0.0401673640167364	0.004741980474198048	0.01785216178521618	0.0	0.016736401673640166	0.0	0.007810320781032078	0.03375174337517434	0.05913528591352859	0.010320781032078103	0.025383542538354256	0.01701534170153417	0.021199442119944213	0.006136680613668061	0.007252440725244073	0.013110181311018132	0.029288702928870293	0.0016736401673640166	0.012552301255230125	0.004741980474198048	0.009762900976290097	0.0005578800557880056	0.005299860529986053	0.02482566248256625	0.08089260808926081	0.007531380753138075	0.03375174337517434	0.01701534170153417	0.01701534170153417	0.006136680613668061	0.0041841004184100415	0.014783821478382147	0.04630404463040446	0.0036262203626220364	0.02092050209205021	0.012552301255230125	0.03152022315202232	0.0022315202231520223	0.008647140864714086	0.0100418410041841	0.024546722454672244	0.0022315202231520223	0.011715481171548118	0.0	0.022315202231520222	0.0	0.007810320781032078	0.010320781032078103	0.02398884239888424	0.0016736401673640166	0.011157601115760111	0.02092050209205021	0.005857740585774059	0.0066945606694560665	0.0019525801952580196	0.014504881450488146	0.04686192468619247	0.004741980474198048	0.02510460251046025
0.016178521617852163	0.02287308228730823	0.005299860529986053	0.010320781032078103	0.01701534170153417	0.03933054393305439	0.004741980474198048	0.01813110181311018	0.0	0.016736401673640166	0.0	0.007810320781032078	0.03375174337517434	0.05913528591352859	0.010320781032078103	0.025383542538354256	0.017573221757322177	0.021757322175732216	0.005578800557880056	0.0066945606694560665	0.013110181311018132	0.028451882845188285	0.0016736401673640166	0.013389121338912133	0.004741980474198048	0.0100418410041841	0.0002789400278940028	0.005299860529986053	0.02705718270571827	0.08089260808926081	0.007252440725244073	0.032635983263598324	0.017294281729428172	0.016457461645746164	0.005857740585774059	0.004741980474198048	0.01506276150627615	0.04630404463040446	0.0033472803347280333	0.02092050209205021	0.012831241283124128	0.03096234309623431	0.0022315202231520223	0.00892608089260809	0.009762900976290097	0.02510460251046025	0.0019525801952580196	0.011715481171548118	0.0	0.02203626220362622	0.0	0.008089260808926082	0.010599721059972107	0.02315202231520223	0.0016736401673640166	0.011715481171548118	0.0198047419804742	0.005857740585774059	0.007810320781032078	0.0019525801952580196	0.014783821478382147	0.04714086471408647	0.0036262203626220364	0.02482566248256625
0.016457461645746164	0.02315202231520223	0.00502092050209205	0.0100418410041841	0.017573221757322177	0.039888423988842396	0.003905160390516039	0.01785216178521618	0.0	0.01701534170153417	0.0	0.007531380753138075	0.03403068340306834	0.0602510460251046	0.0100418410041841	0.024267782426778243	0.01813110181311018	0.021757322175732216	0.00502092050209205	0.0066945606694560665	0.013110181311018132	0.02817294281729428	0.0016736401673640166	0.013668061366806136	0.004463040446304045	0.011157601115760111	0.0002789400278940028	0.004463040446304045	0.026499302649930265	0.0806136680613668	0.00697350069735007	0.03291492329149233	0.017294281729428172	0.016457461645746164	0.005857740585774059	0.004741980474198048	0.015341701534170154	0.045188284518828455	0.0033472803347280333	0.021757322175732216	0.012552301255230125	0.03152022315202232	0.0022315202231520223	0.008647140864714086	0.009483960948396096	0.024267782426778243	0.0022315202231520223	0.012552301255230125	0.0	0.021757322175732216	0.0	0.008368200836820083	0.010320781032078103	0.02315202231520223	0.0022315202231520223	0.011436541143654114	0.0198047419804742	0.005857740585774059	0.007810320781032078	0.0019525801952580196	0.01506276150627615	0.04741980474198047	0.0041841004184100415	0.024546722454672244
0.016736401673640166	0.02315202231520223	0.004741980474198048	0.0100418410041841	0.018688981868898186	0.03877266387726639	0.0030683403068340305	0.018688981868898186	0.0	0.017294281729428172	0.0	0.007252440725244073	0.03375174337517434	0.059414225941422594	0.010320781032078103	0.02510460251046025	0.018410041841004185	0.021757322175732216	0.004741980474198048	0.0066945606694560665	0.013110181311018132	0.028451882845188285	0.0016736401673640166	0.013389121338912133	0.004741980474198048	0.011157601115760111	0.0	0.004463040446304045	0.02900976290097629	0.0800557880055788	0.006136680613668061	0.03347280334728033	0.017294281729428172	0.016178521617852163	0.005857740585774059	0.00502092050209205	0.016178521617852163	0.04407252440725244	0.0036262203626220364	0.021757322175732216	0.012273361227336122	0.0301255230125523	0.002789400278940028	0.009762900976290097	0.009483960948396096	0.02482566248256625	0.0022315202231520223	0.01199442119944212	0.0	0.02203626220362622	0.0	0.008089260808926082	0.0100418410041841	0.02315202231520223	0.0022315202231520223	0.011715481171548118	0.0198047419804742	0.005857740585774059	0.007810320781032078	0.0019525801952580196	0.013389121338912133	0.04881450488145049	0.0041841004184100415	0.02315202231520223
0.016736401673640166	0.02315202231520223	0.004741980474198048	0.0100418410041841	0.019525801952580194	0.03821478382147838	0.0033472803347280333	0.01813110181311018	0.0	0.017294281729428172	0.0	0.007252440725244073	0.033193863319386334	0.0596931659693166	0.010878661087866108	0.02482566248256625	0.01813110181311018	0.021757322175732216	0.00502092050209205	0.0066945606694560665	0.013389121338912133	0.027615062761506277	0.0019525801952580196	0.013668061366806136	0.00502092050209205	0.011157601115760111	0.0	0.0041841004184100415	0.027615062761506277	0.0794979079497908	0.006415620641562064	0.03430962343096234	0.017294281729428172	0.016178521617852163	0.005857740585774059	0.00502092050209205	0.016736401673640166	0.04435146443514645	0.0033472803347280333	0.021199442119944213	0.0100418410041841	0.030683403068340307	0.0033472803347280333	0.010878661087866108	0.009483960948396096	0.02482566248256625	0.002510460251046025	0.011715481171548118	0.0	0.02203626220362622	0.0	0.008089260808926082	0.010320781032078103	0.023430962343096235	0.0022315202231520223	0.011157601115760111	0.0198047419804742	0.006136680613668061	0.007810320781032078	0.0016736401673640166	0.014225941422594143	0.0496513249651325	0.0041841004184100415	0.022315202231520222
0.016736401673640166	0.02315202231520223	0.004741980474198048	0.0100418410041841	0.019525801952580194	0.038493723849372385	0.0033472803347280333	0.01785216178521618	0.0	0.016457461645746164	0.0	0.008089260808926082	0.033193863319386334	0.0599721059972106	0.010878661087866108	0.024546722454672244	0.01785216178521618	0.020362622036262202	0.005299860529986053	0.008089260808926082	0.013668061366806136	0.027336122733612273	0.0019525801952580196	0.013668061366806136	0.00502092050209205	0.011157601115760111	0.0	0.0041841004184100415	0.029288702928870293	0.0806136680613668	0.005857740585774059	0.03291492329149233	0.016457461645746164	0.015620641562064157	0.0066945606694560665	0.005578800557880056	0.01701534170153417	0.042677824267782424	0.0036262203626220364	0.022315202231520222	0.010320781032078103	0.031241283124128313	0.002789400278940028	0.010599721059972107	0.009762900976290097	0.025383542538354256	0.002510460251046025	0.010878661087866108	0.0	0.021757322175732216	0.0	0.008368200836820083	0.010878661087866108	0.02287308228730823	0.0019525801952580196	0.011436541143654114	0.0198047419804742	0.006415620641562064	0.007810320781032078	0.001394700139470014	0.01394700139470014	0.0502092050209205	0.0036262203626220364	0.021757322175732216
0.01701534170153417	0.022594142259414227	0.004463040446304045	0.010599721059972107	0.019525801952580194	0.038493723849372385	0.002789400278940028	0.018410041841004185	0.0	0.016736401673640166	0.0	0.007810320781032078	0.03375174337517434	0.0599721059972106	0.010320781032078103	0.024546722454672244	0.017573221757322177	0.0200836820083682	0.005578800557880056	0.008368200836820083	0.013389121338912133	0.02789400278940028	0.0022315202231520223	0.013110181311018132	0.00502092050209205	0.010878661087866108	0.0	0.004463040446304045	0.0301255230125523	0.08117154811715481	0.006136680613668061	0.03152022315202232	0.016178521617852163	0.015620641562064157	0.00697350069735007	0.005578800557880056	0.01701534170153417	0.04351464435146443	0.0036262203626220364	0.021478382147838215	0.010878661087866108	0.031241283124128313	0.002789400278940028	0.0100418410041841	0.009205020920502092	0.02594142259414226	0.002510460251046025	0.010878661087866108	0.0	0.021478382147838215	0.0	0.008647140864714086	0.011157601115760111	0.02315202231520223	0.0016736401673640166	0.011157601115760111	0.01896792189679219	0.006415620641562064	0.008647140864714086	0.001394700139470014	0.01394700139470014	0.05076708507670851	0.0033472803347280333	0.021199442119944213
0.017294281729428172	0.022594142259414227	0.0041841004184100415	0.010599721059972107	0.018688981868898186	0.039888423988842396	0.002789400278940028	0.01785216178521618	0.0	0.016736401673640166	0.0	0.007810320781032078	0.03403068340306834	0.05885634588563459	0.0100418410041841	0.025662482566248257	0.017573221757322177	0.020362622036262202	0.005578800557880056	0.008089260808926082	0.012831241283124128	0.028730822873082287	0.002510460251046025	0.012552301255230125	0.00502092050209205	0.011157601115760111	0.0	0.0041841004184100415	0.0298465829846583	0.08117154811715481	0.0066945606694560665	0.031241283124128313	0.016178521617852163	0.015899581589958158	0.00697350069735007	0.005299860529986053	0.017294281729428172	0.04351464435146443	0.0033472803347280333	0.021478382147838215	0.011157601115760111	0.03096234309623431	0.002789400278940028	0.0100418410041841	0.009483960948396096	0.026499302649930265	0.0022315202231520223	0.010320781032078103	0.0	0.02203626220362622	0.0	0.008089260808926082	0.0100418410041841	0.02398884239888424	0.0019525801952580196	0.011157601115760111	0.01896792189679219	0.006415620641562064	0.008647140864714086	0.001394700139470014	0.01394700139470014	0.05188284518828452	0.0033472803347280333	0.0200836820083682
0.017573221757322177	0.022315202231520222	0.003905160390516039	0.010878661087866108	0.017573221757322177	0.040725244072524404	0.0030683403068340305	0.01785216178521618	0.0	0.016736401673640166	0.0	0.007810320781032078	0.03430962343096234	0.05774058577405858	0.009762900976290097	0.026778242677824266	0.017573221757322177	0.0200836820083682	0.005578800557880056	0.008368200836820083	0.012831241283124128	0.02817294281729428	0.002510460251046025	0.013110181311018132	0.00502092050209205	0.011157601115760111	0.0	0.0041841004184100415	0.029288702928870293	0.08200836820083682	0.007252440725244073	0.0298465829846583	0.016178521617852163	0.016178521617852163	0.00697350069735007	0.00502092050209205	0.01701534170153417	0.04351464435146443	0.003905160390516039	0.021199442119944213	0.011157601115760111	0.03152022315202232	0.002510460251046025	0.009762900976290097	0.009483960948396096	0.026220362622036263	0.0022315202231520223	0.010599721059972107	0.0	0.021478382147838215	0.0	0.008647140864714086	0.009205020920502092	0.023709902370990237	0.0022315202231520223	0.01199442119944212	0.019246861924686193	0.006415620641562064	0.008368200836820083	0.001394700139470014	0.014504881450488146	0.05160390516039052	0.0033472803347280333	0.020362622036262202
0.017573221757322177	0.022594142259414227	0.003905160390516039	0.010599721059972107	0.01785216178521618	0.040725244072524404	0.002789400278940028	0.01785216178521618	0.0	0.017294281729428172	0.0	0.007252440725244073	0.03375174337517434	0.05829846582984658	0.010320781032078103	0.026220362622036263	0.017294281729428172	0.0200836820083682	0.005857740585774059	0.008368200836820083	0.013389121338912133	0.02789400278940028	0.0022315202231520223	0.013110181311018132	0.005299860529986053	0.010599721059972107	0.0	0.004463040446304045	0.030404463040446306	0.08145048814504881	0.007810320781032078	0.0298465829846583	0.016178521617852163	0.016178521617852163	0.00697350069735007	0.00502092050209205	0.017294281729428172	0.04379358437935844	0.003905160390516039	0.020641562064156207	0.010878661087866108	0.032357043235704326	0.002510460251046025	0.009205020920502092	0.00892608089260809	0.02705718270571827	0.0019525801952580196	0.010599721059972107	0.0	0.021199442119944213	0.0	0.00892608089260809	0.00892608089260809	0.02315202231520223	0.0022315202231520223	0.012831241283124128	0.018688981868898186	0.006415620641562064	0.00892608089260809	0.001394700139470014	0.013389121338912133	0.05188284518828452	0.0033472803347280333	0.0200836820083682
0.017573221757322177	0.02287308228730823	0.003905160390516039	0.010320781032078103	0.01813110181311018	0.040725244072524404	0.002789400278940028	0.017573221757322177	0.0	0.017294281729428172	0.0	0.007252440725244073	0.03403068340306834	0.05801952580195258	0.0100418410041841	0.026499302649930265	0.01701534170153417	0.020641562064156207	0.006136680613668061	0.007810320781032078	0.013668061366806136	0.027615062761506277	0.002510460251046025	0.012831241283124128	0.005578800557880056	0.0100418410041841	0.0002789400278940028	0.004463040446304045	0.031241283124128313	0.08172942817294282	0.00697350069735007	0.029288702928870293	0.016178521617852163	0.015899581589958158	0.00697350069735007	0.005299860529986053	0.017294281729428172	0.044630404463040445	0.0033472803347280333	0.020362622036262202	0.011436541143654114	0.03207810320781032	0.002510460251046025	0.00892608089260809	0.00892608089260809	0.026778242677824266	0.0022315202231520223	0.010599721059972107	0.0	0.021478382147838215	0.0	0.008647140864714086	0.009205020920502092	0.02287308228730823	0.0022315202231520223	0.012831241283124128	0.018688981868898186	0.006415620641562064	0.00892608089260809	0.001394700139470014	0.013668061366806136	0.05160390516039052	0.0033472803347280333	0.020362622036262202
0.01785216178521618	0.02287308228730823	0.0036262203626220364	0.010320781032078103	0.01785216178521618	0.04156206415620642	0.002789400278940028	0.01701534170153417	0.0	0.01701534170153417	0.0	0.007531380753138075	0.03375174337517434	0.05801952580195258	0.010320781032078103	0.026499302649930265	0.017294281729428172	0.021199442119944213	0.005857740585774059	0.007252440725244073	0.014225941422594143	0.027336122733612273	0.002510460251046025	0.012552301255230125	0.005578800557880056	0.010320781032078103	0.0002789400278940028	0.0041841004184100415	0.030683403068340307	0.08200836820083682	0.005578800557880056	0.0298465829846583	0.016178521617852163	0.015620641562064157	0.00697350069735007	0.005578800557880056	0.017294281729428172	0.04407252440725244	0.0036262203626220364	0.020641562064156207	0.011157601115760111	0.03152022315202232	0.002510460251046025	0.009762900976290097	0.00892608089260809	0.026778242677824266	0.0019525801952580196	0.010878661087866108	0.0	0.021478382147838215	0.0	0.008647140864714086	0.009205020920502092	0.023709902370990237	0.0022315202231520223	0.01199442119944212	0.018688981868898186	0.0066945606694560665	0.00892608089260809	0.0011157601115760112	0.014783821478382147	0.05188284518828452	0.0033472803347280333	0.0200836820083682
0.017573221757322177	0.023430962343096235	0.003905160390516039	0.009762900976290097	0.018688981868898186	0.039888423988842396	0.002789400278940028	0.01785216178521618	0.0	0.016736401673640166	0.0	0.007810320781032078	0.034588563458856345	0.058577405857740586	0.009483960948396096	0.02594142259414226	0.017294281729428172	0.021199442119944213	0.005857740585774059	0.007252440725244073	0.01394700139470014	0.02705718270571827	0.002510460251046025	0.013110181311018132	0.005857740585774059	0.010878661087866108	0.0	0.0036262203626220364	0.028730822873082287	0.08284518828451883	0.0066945606694560665	0.029567642956764294	0.016457461645746164	0.016178521617852163	0.0066945606694560665	0.00502092050209205	0.016736401673640166	0.04351464435146443	0.0036262203626220364	0.021757322175732216	0.010320781032078103	0.03152022315202232	0.002510460251046025	0.010599721059972107	0.00892608089260809	0.025662482566248257	0.0019525801952580196	0.01199442119944212	0.0	0.021757322175732216	0.0	0.008368200836820083	0.009205020920502092	0.023430962343096235	0.0022315202231520223	0.012273361227336122	0.019246861924686193	0.006415620641562064	0.008368200836820083	0.001394700139470014	0.01506276150627615	0.05216178521617852	0.0033472803347280333	0.0198047419804742
0.01701534170153417	0.023709902370990237	0.004463040446304045	0.009483960948396096	0.019525801952580194	0.03933054393305439	0.002789400278940028	0.017573221757322177	0.0	0.016457461645746164	0.0	0.008089260808926082	0.03430962343096234	0.05801952580195258	0.009762900976290097	0.026499302649930265	0.017294281729428172	0.020362622036262202	0.005857740585774059	0.008089260808926082	0.014225941422594143	0.02594142259414226	0.002510460251046025	0.01394700139470014	0.005857740585774059	0.010878661087866108	0.0	0.0036262203626220364	0.02817294281729428	0.08200836820083682	0.006415620641562064	0.030683403068340307	0.016736401673640166	0.016736401673640166	0.006415620641562064	0.004463040446304045	0.017294281729428172	0.04351464435146443	0.0036262203626220364	0.021199442119944213	0.010320781032078103	0.03207810320781032	0.0022315202231520223	0.010320781032078103	0.008647140864714086	0.026499302649930265	0.0019525801952580196	0.011436541143654114	0.0	0.020641562064156207	0.0	0.009483960948396096	0.009205020920502092	0.02315202231520223	0.0022315202231520223	0.012552301255230125	0.0198047419804742	0.006415620641562064	0.007810320781032078	0.001394700139470014	0.015341701534170154	0.05244072524407253	0.0036262203626220364	0.019525801952580194
0.016736401673640166	0.023709902370990237	0.004741980474198048	0.009483960948396096	0.01896792189679219	0.038493723849372385	0.0030683403068340305	0.018688981868898186	0.0	0.016736401673640166	0.0	0.007810320781032078	0.034588563458856345	0.0596931659693166	0.009483960948396096	0.02482566248256625	0.01701534170153417	0.0200836820083682	0.006136680613668061	0.008368200836820083	0.014504881450488146	0.02594142259414226	0.002510460251046025	0.013668061366806136	0.005857740585774059	0.010320781032078103	0.0	0.0041841004184100415	0.027615062761506277	0.08228730822873083	0.0066945606694560665	0.03096234309623431	0.016736401673640166	0.016457461645746164	0.006415620641562064	0.004741980474198048	0.01785216178521618	0.04407252440725244	0.0036262203626220364	0.0200836820083682	0.009483960948396096	0.032635983263598324	0.0022315202231520223	0.010599721059972107	0.008647140864714086	0.026220362622036263	0.0019525801952580196	0.011715481171548118	0.0	0.020641562064156207	0.0	0.009483960948396096	0.009762900976290097	0.023430962343096235	0.0016736401673640166	0.012273361227336122	0.019525801952580194	0.006415620641562064	0.008089260808926082	0.001394700139470014	0.01506276150627615	0.05216178521617852	0.0036262203626220364	0.0198047419804742
0.016457461645746164	0.023709902370990237	0.00502092050209205	0.009483960948396096	0.018410041841004185	0.03709902370990237	0.0033472803347280333	0.020362622036262202	0.0	0.016736401673640166	0.0	0.007810320781032078	0.03403068340306834	0.059414225941422594	0.0100418410041841	0.02510460251046025	0.01701534170153417	0.019525801952580194	0.006136680613668061	0.00892608089260809	0.01394700139470014	0.026499302649930265	0.002510460251046025	0.013668061366806136	0.005857740585774059	0.010320781032078103	0.0	0.0041841004184100415	0.02705718270571827	0.08284518828451883	0.0066945606694560665	0.031241283124128313	0.016178521617852163	0.01701534170153417	0.00697350069735007	0.0041841004184100415	0.017573221757322177	0.04435146443514645	0.0030683403068340305	0.020641562064156207	0.008647140864714086	0.032635983263598324	0.002789400278940028	0.010878661087866108	0.00892608089260809	0.026220362622036263	0.0019525801952580196	0.011436541143654114	0.0	0.020362622036262202	0.0	0.009762900976290097	0.009762900976290097	0.023709902370990237	0.001394700139470014	0.012273361227336122	0.0198047419804742	0.006415620641562064	0.007810320781032078	0.001394700139470014	0.01506276150627615	0.05244072524407253	0.0033472803347280333	0.019525801952580194
0.016736401673640166	0.02398884239888424	0.004741980474198048	0.009205020920502092	0.017573221757322177	0.03793584379358438	0.002789400278940028	0.02092050209205021	0.0	0.016736401673640166	0.0	0.007810320781032078	0.033193863319386334	0.05913528591352859	0.010878661087866108	0.025383542538354256	0.016457461645746164	0.019246861924686193	0.0066945606694560665	0.009205020920502092	0.013110181311018132	0.027336122733612273	0.002510460251046025	0.013668061366806136	0.005857740585774059	0.0100418410041841	0.0	0.004463040446304045	0.02789400278940028	0.08312412831241284	0.00697350069735007	0.030404463040446306	0.016178521617852163	0.01701534170153417	0.00697350069735007	0.0041841004184100415	0.017573221757322177	0.04490934449093445	0.0033472803347280333	0.0198047419804742	0.009483960948396096	0.03207810320781032	0.002789400278940028	0.010599721059972107	0.00892608089260809	0.026499302649930265	0.001394700139470014	0.011715481171548118	0.0	0.020362622036262202	0.0	0.009762900976290097	0.009205020920502092	0.02398884239888424	0.0019525801952580196	0.01199442119944212	0.0200836820083682	0.006136680613668061	0.007531380753138075	0.0016736401673640166	0.014225941422594143	0.051324965132496514	0.0036262203626220364	0.020641562064156207
0.01701534170153417	0.024267782426778243	0.004463040446304045	0.00892608089260809	0.017573221757322177	0.03737796373779637	0.002789400278940028	0.021478382147838215	0.0	0.016736401673640166	0.0	0.007810320781032078	0.033193863319386334	0.05829846582984658	0.010878661087866108	0.026220362622036263	0.016457461645746164	0.018410041841004185	0.0066945606694560665	0.0100418410041841	0.013668061366806136	0.027615062761506277	0.0022315202231520223	0.013110181311018132	0.006136680613668061	0.0100418410041841	0.0	0.0041841004184100415	0.027615062761506277	0.08228730822873083	0.006136680613668061	0.031799163179916316	0.016178521617852163	0.016736401673640166	0.00697350069735007	0.004463040446304045	0.01813110181311018	0.045188284518828455	0.0033472803347280333	0.01896792189679219	0.0100418410041841	0.031799163179916316	0.002510460251046025	0.010599721059972107	0.00892608089260809	0.02594142259414226	0.001394700139470014	0.012273361227336122	0.0	0.0200836820083682	0.0	0.0100418410041841	0.009205020920502092	0.02482566248256625	0.0016736401673640166	0.011436541143654114	0.0198047419804742	0.006136680613668061	0.007810320781032078	0.0016736401673640166	0.01506276150627615	0.05160390516039052	0.0033472803347280333	0.020362622036262202
0.016457461645746164	0.024267782426778243	0.00502092050209205	0.00892608089260809	0.01701534170153417	0.03737796373779637	0.002789400278940028	0.02203626220362622	0.0	0.016736401673640166	0.0	0.007810320781032078	0.03403068340306834	0.05829846582984658	0.0100418410041841	0.026220362622036263	0.017294281729428172	0.018410041841004185	0.005857740585774059	0.0100418410041841	0.014225941422594143	0.02705718270571827	0.0022315202231520223	0.013110181311018132	0.006136680613668061	0.010320781032078103	0.0002789400278940028	0.0036262203626220364	0.02705718270571827	0.08312412831241284	0.005578800557880056	0.031799163179916316	0.016457461645746164	0.016736401673640166	0.0066945606694560665	0.004463040446304045	0.01701534170153417	0.04546722454672245	0.0036262203626220364	0.019525801952580194	0.009762900976290097	0.031799163179916316	0.002510460251046025	0.010878661087866108	0.009205020920502092	0.026220362622036263	0.0011157601115760112	0.01199442119944212	0.0	0.0200836820083682	0.0	0.0100418410041841	0.009205020920502092	0.024267782426778243	0.0016736401673640166	0.01199442119944212	0.0198047419804742	0.006136680613668061	0.007810320781032078	0.0016736401673640166	0.015341701534170154	0.05160390516039052	0.0033472803347280333	0.020362622036262202
0.016457461645746164	0.02482566248256625	0.00502092050209205	0.008368200836820083	0.016457461645746164	0.03709902370990237	0.0030683403068340305	0.022594142259414227	0.0	0.01701534170153417	0.0	0.007531380753138075	0.03486750348675035	0.05885634588563459	0.009205020920502092	0.025662482566248257	0.017294281729428172	0.018688981868898186	0.005857740585774059	0.009762900976290097	0.013668061366806136	0.027615062761506277	0.0022315202231520223	0.013110181311018132	0.006136680613668061	0.009483960948396096	0.0002789400278940028	0.004463040446304045	0.02789400278940028	0.08256624825662483	0.00502092050209205	0.03207810320781032	0.016736401673640166	0.016736401673640166	0.006415620641562064	0.004463040446304045	0.017294281729428172	0.04602510460251046	0.0033472803347280333	0.01896792189679219	0.009483960948396096	0.031241283124128313	0.0030683403068340305	0.011157601115760111	0.00892608089260809	0.026499302649930265	0.0011157601115760112	0.01199442119944212	0.0	0.019525801952580194	0.0	0.010599721059972107	0.009205020920502092	0.024267782426778243	0.0019525801952580196	0.011715481171548118	0.01896792189679219	0.006136680613668061	0.008647140864714086	0.0016736401673640166	0.015341701534170154	0.05244072524407253	0.0033472803347280333	0.019525801952580194
0.016457461645746164	0.02482566248256625	0.00502092050209205	0.008368200836820083	0.016736401673640166	0.03737796373779637	0.0030683403068340305	0.02203626220362622	0.0	0.016736401673640166	0.0	0.007810320781032078	0.034588563458856345	0.05913528591352859	0.009483960948396096	0.025383542538354256	0.017573221757322177	0.018410041841004185	0.005578800557880056	0.0100418410041841	0.013389121338912133	0.02817294281729428	0.0019525801952580196	0.013110181311018132	0.005857740585774059	0.009483960948396096	0.0011157601115760112	0.003905160390516039	0.027615062761506277	0.08256624825662483	0.00502092050209205	0.031799163179916316	0.01701534170153417	0.016736401673640166	0.006136680613668061	0.004463040446304045	0.01785216178521618	0.045188284518828455	0.0030683403068340305	0.019525801952580194	0.009762900976290097	0.030404463040446306	0.002789400278940028	0.01199442119944212	0.008368200836820083	0.02789400278940028	0.0011157601115760112	0.011157601115760111	0.0	0.0200836820083682	0.0	0.0100418410041841	0.009762900976290097	0.023709902370990237	0.0019525801952580196	0.011715481171548118	0.019525801952580194	0.006136680613668061	0.008089260808926082	0.0016736401673640166	0.015620641562064157	0.05244072524407253	0.0036262203626220364	0.019525801952580194
0.016178521617852163	0.02510460251046025	0.005299860529986053	0.008089260808926082	0.01701534170153417	0.03765690376569038	0.002789400278940028	0.021757322175732216	0.0	0.01701534170153417	0.0	0.007531380753138075	0.03486750348675035	0.05829846582984658	0.009205020920502092	0.026220362622036263	0.017573221757322177	0.018410041841004185	0.005578800557880056	0.0100418410041841	0.013668061366806136	0.02705718270571827	0.0019525801952580196	0.01394700139470014	0.005299860529986053	0.009483960948396096	0.0016736401673640166	0.003905160390516039	0.027336122733612273	0.08256624825662483	0.00502092050209205	0.032357043235704326	0.017294281729428172	0.016736401673640166	0.005857740585774059	0.004463040446304045	0.017573221757322177	0.043235704323570434	0.0036262203626220364	0.021199442119944213	0.009483960948396096	0.0298465829846583	0.002789400278940028	0.012831241283124128	0.00892608089260809	0.02789400278940028	0.0011157601115760112	0.010599721059972107	0.0	0.020362622036262202	0.0	0.009762900976290097	0.009762900976290097	0.02398884239888424	0.0022315202231520223	0.011157601115760111	0.0198047419804742	0.006136680613668061	0.007810320781032078	0.0016736401673640166	0.015620641562064157	0.05244072524407253	0.0033472803347280333	0.019525801952580194
0.016178521617852163	0.02510460251046025	0.005299860529986053	0.008089260808926082	0.01701534170153417	0.03905160390516039	0.002510460251046025	0.020641562064156207	0.0	0.01701534170153417	0.0	0.007531380753138075	0.03486750348675035	0.05578800557880056	0.009205020920502092	0.028730822873082287	0.01785216178521618	0.01896792189679219	0.005299860529986053	0.009483960948396096	0.013110181311018132	0.02789400278940028	0.0022315202231520223	0.013389121338912133	0.004741980474198048	0.009762900976290097	0.0016736401673640166	0.0041841004184100415	0.027336122733612273	0.08228730822873083	0.00502092050209205	0.03291492329149233	0.01701534170153417	0.016457461645746164	0.006136680613668061	0.004741980474198048	0.01813110181311018	0.04156206415620642	0.0036262203626220364	0.022315202231520222	0.010320781032078103	0.02900976290097629	0.002510460251046025	0.013110181311018132	0.008089260808926082	0.02789400278940028	0.0016736401673640166	0.010878661087866108	0.0	0.020362622036262202	0.0	0.009762900976290097	0.00892608089260809	0.02482566248256625	0.0016736401673640166	0.011715481171548118	0.019246861924686193	0.006136680613668061	0.008368200836820083	0.0016736401673640166	0.015341701534170154	0.053277545327754534	0.0033472803347280333	0.018688981868898186
0.016178521617852163	0.02482566248256625	0.005299860529986053	0.008368200836820083	0.016736401673640166	0.03933054393305439	0.002789400278940028	0.020362622036262202	0.0	0.017573221757322177	0.0	0.00697350069735007	0.03430962343096234	0.05578800557880056	0.009762900976290097	0.028730822873082287	0.01785216178521618	0.01896792189679219	0.005299860529986053	0.009483960948396096	0.012831241283124128	0.027336122733612273	0.0022315202231520223	0.014225941422594143	0.003905160390516039	0.010599721059972107	0.0016736401673640166	0.0041841004184100415	0.02705718270571827	0.08117154811715481	0.00502092050209205	0.03430962343096234	0.016736401673640166	0.016457461645746164	0.006415620641562064	0.004741980474198048	0.01813110181311018	0.04184100418410042	0.0033472803347280333	0.022315202231520222	0.009483960948396096	0.029288702928870293	0.002789400278940028	0.013389121338912133	0.008089260808926082	0.02817294281729428	0.0022315202231520223	0.0100418410041841	0.0	0.0198047419804742	0.0	0.010320781032078103	0.009205020920502092	0.024267782426778243	0.0016736401673640166	0.01199442119944212	0.0200836820083682	0.006136680613668061	0.007531380753138075	0.0016736401673640166	0.015341701534170154	0.052719665271966525	0.0033472803347280333	0.019246861924686193
0.016457461645746164	0.02510460251046025	0.00502092050209205	0.008089260808926082	0.01785216178521618	0.03821478382147838	0.002789400278940028	0.020362622036262202	0.0	0.01701534170153417	0.0	0.007531380753138075	0.034588563458856345	0.05411436541143654	0.009483960948396096	0.030404463040446306	0.01785216178521618	0.018410041841004185	0.005299860529986053	0.0100418410041841	0.012552301255230125	0.02705718270571827	0.002510460251046025	0.014504881450488146	0.003905160390516039	0.010599721059972107	0.0016736401673640166	0.0041841004184100415	0.027615062761506277	0.08117154811715481	0.004463040446304045	0.03430962343096234	0.017294281729428172	0.016178521617852163	0.005857740585774059	0.00502092050209205	0.018688981868898186	0.041283124128312414	0.0033472803347280333	0.022315202231520222	0.009762900976290097	0.028730822873082287	0.0030683403068340305	0.013389121338912133	0.008368200836820083	0.02817294281729428	0.0016736401673640166	0.010320781032078103	0.0	0.019246861924686193	0.0	0.010878661087866108	0.00892608089260809	0.02482566248256625	0.001394700139470014	0.01199442119944212	0.020362622036262202	0.006136680613668061	0.007252440725244073	0.0016736401673640166	0.015341701534170154	0.052719665271966525	0.0033472803347280333	0.019246861924686193
0.016457461645746164	0.02482566248256625	0.00502092050209205	0.008368200836820083	0.01813110181311018	0.03737796373779637	0.0033472803347280333	0.020362622036262202	0.0	0.016457461645746164	0.0	0.008089260808926082	0.03430962343096234	0.05383542538354254	0.009762900976290097	0.030683403068340307	0.017573221757322177	0.018410041841004185	0.005578800557880056	0.0100418410041841	0.012273361227336122	0.028451882845188285	0.0019525801952580196	0.01394700139470014	0.003905160390516039	0.010878661087866108	0.0011157601115760112	0.004463040446304045	0.02900976290097629	0.08089260808926081	0.005857740585774059	0.032635983263598324	0.016736401673640166	0.016178521617852163	0.006415620641562064	0.00502092050209205	0.019525801952580194	0.042398884239888426	0.0033472803347280333	0.020362622036262202	0.009762900976290097	0.02900976290097629	0.002510460251046025	0.013668061366806136	0.008647140864714086	0.027336122733612273	0.0016736401673640166	0.010878661087866108	0.0	0.019525801952580194	0.0	0.010599721059972107	0.008647140864714086	0.02482566248256625	0.001394700139470014	0.012273361227336122	0.020362622036262202	0.006136680613668061	0.007252440725244073	0.0016736401673640166	0.014783821478382147	0.05299860529986053	0.0030683403068340305	0.01896792189679219
0.016178521617852163	0.024546722454672244	0.005299860529986053	0.008647140864714086	0.017573221757322177	0.03709902370990237	0.0033472803347280333	0.021199442119944213	0.0	0.016178521617852163	0.0	0.008368200836820083	0.03430962343096234	0.05495118549511855	0.009762900976290097	0.029567642956764294	0.017294281729428172	0.01813110181311018	0.005857740585774059	0.010320781032078103	0.012831241283124128	0.028730822873082287	0.0022315202231520223	0.012831241283124128	0.0036262203626220364	0.010878661087866108	0.0016736401673640166	0.0041841004184100415	0.02817294281729428	0.07977684797768479	0.00697350069735007	0.03347280334728033	0.016736401673640166	0.015899581589958158	0.006415620641562064	0.005299860529986053	0.01896792189679219	0.04295676429567643	0.0033472803347280333	0.020362622036262202	0.009762900976290097	0.028730822873082287	0.0022315202231520223	0.014225941422594143	0.008647140864714086	0.02705718270571827	0.0019525801952580196	0.010878661087866108	0.0	0.0198047419804742	0.0	0.010320781032078103	0.009205020920502092	0.02398884239888424	0.0008368200836820083	0.013110181311018132	0.020362622036262202	0.006136680613668061	0.007252440725244073	0.0016736401673640166	0.01506276150627615	0.053277545327754534	0.002789400278940028	0.018688981868898186
0.015899581589958158	0.024267782426778243	0.005578800557880056	0.00892608089260809	0.016736401673640166	0.03793584379358438	0.0041841004184100415	0.020362622036262202	0.0	0.016178521617852163	0.0	0.008368200836820083	0.03375174337517434	0.05578800557880056	0.010320781032078103	0.028730822873082287	0.01701534170153417	0.017573221757322177	0.006136680613668061	0.010878661087866108	0.012831241283124128	0.028451882845188285	0.0019525801952580196	0.013389121338912133	0.003905160390516039	0.010878661087866108	0.001394700139470014	0.0041841004184100415	0.02900976290097629	0.0794979079497908	0.0066945606694560665	0.03347280334728033	0.016736401673640166	0.015620641562064157	0.006415620641562064	0.005578800557880056	0.019525801952580194	0.04184100418410042	0.0033472803347280333	0.02092050209205021	0.009762900976290097	0.02900976290097629	0.0019525801952580196	0.014225941422594143	0.008647140864714086	0.026499302649930265	0.0022315202231520223	0.011157601115760111	0.0	0.019525801952580194	0.0	0.010599721059972107	0.009205020920502092	0.024546722454672244	0.0008368200836820083	0.012552301255230125	0.020362622036262202	0.006136680613668061	0.007252440725244073	0.0016736401673640166	0.01506276150627615	0.05383542538354254	0.002510460251046025	0.01813110181311018
0.015899581589958158	0.024267782426778243	0.005578800557880056	0.00892608089260809	0.015341701534170154	0.038493723849372385	0.004741980474198048	0.020641562064156207	0.0	0.016457461645746164	0.0	0.008089260808926082	0.03375174337517434	0.05495118549511855	0.010320781032078103	0.029567642956764294	0.01701534170153417	0.01813110181311018	0.006136680613668061	0.010320781032078103	0.012831241283124128	0.02900976290097629	0.001394700139470014	0.013389121338912133	0.0041841004184100415	0.010599721059972107	0.001394700139470014	0.0041841004184100415	0.02817294281729428	0.0794979079497908	0.00697350069735007	0.03430962343096234	0.01701534170153417	0.015341701534170154	0.006136680613668061	0.005857740585774059	0.01896792189679219	0.04156206415620642	0.0036262203626220364	0.021478382147838215	0.009205020920502092	0.0298465829846583	0.0019525801952580196	0.01394700139470014	0.008368200836820083	0.026499302649930265	0.002510460251046025	0.011157601115760111	0.0	0.019525801952580194	0.0	0.010599721059972107	0.009483960948396096	0.024267782426778243	0.0008368200836820083	0.012552301255230125	0.020641562064156207	0.006136680613668061	0.00697350069735007	0.0016736401673640166	0.01506276150627615	0.05411436541143654	0.0022315202231520223	0.01785216178521618
0.015899581589958158	0.02398884239888424	0.005578800557880056	0.009205020920502092	0.01506276150627615	0.03793584379358438	0.005299860529986053	0.02092050209205021	0.0	0.016178521617852163	0.0	0.008368200836820083	0.03375174337517434	0.054672245467224545	0.010320781032078103	0.0298465829846583	0.017573221757322177	0.01813110181311018	0.005578800557880056	0.010320781032078103	0.012552301255230125	0.02900976290097629	0.0019525801952580196	0.013110181311018132	0.003905160390516039	0.011157601115760111	0.001394700139470014	0.003905160390516039	0.02705718270571827	0.0803347280334728	0.007252440725244073	0.03403068340306834	0.01701534170153417	0.015899581589958158	0.006136680613668061	0.005299860529986053	0.018410041841004185	0.040725244072524404	0.0036262203626220364	0.02287308228730823	0.009205020920502092	0.0298465829846583	0.0019525801952580196	0.01394700139470014	0.008368200836820083	0.026778242677824266	0.002510460251046025	0.010878661087866108	0.0	0.019246861924686193	0.0	0.010878661087866108	0.0100418410041841	0.024267782426778243	0.0008368200836820083	0.01199442119944212	0.020362622036262202	0.006136680613668061	0.007252440725244073	0.0016736401673640166	0.015341701534170154	0.05383542538354254	0.0022315202231520223	0.01813110181311018
0.015899581589958158	0.023709902370990237	0.005578800557880056	0.009483960948396096	0.015899581589958158	0.03821478382147838	0.005299860529986053	0.0198047419804742	0.0	0.016178521617852163	0.0	0.008368200836820083	0.03375174337517434	0.05439330543933055	0.010320781032078103	0.0301255230125523	0.017573221757322177	0.01896792189679219	0.005578800557880056	0.009483960948396096	0.012831241283124128	0.028451882845188285	0.0016736401673640166	0.013668061366806136	0.003905160390516039	0.010878661087866108	0.001394700139470014	0.0041841004184100415	0.026220362622036263	0.08340306834030684	0.007252440725244073	0.032357043235704326	0.017573221757322177	0.015620641562064157	0.005578800557880056	0.005578800557880056	0.01785216178521618	0.040725244072524404	0.0041841004184100415	0.02287308228730823	0.00892608089260809	0.030404463040446306	0.0016736401673640166	0.01394700139470014	0.008647140864714086	0.026220362622036263	0.002510460251046025	0.011157601115760111	0.0	0.018688981868898186	0.0	0.011436541143654114	0.010320781032078103	0.02482566248256625	0.0005578800557880056	0.011436541143654114	0.0200836820083682	0.005578800557880056	0.007531380753138075	0.0022315202231520223	0.014504881450488146	0.05411436541143654	0.002510460251046025	0.01785216178521618
0.016178521617852163	0.02287308228730823	0.005299860529986053	0.010320781032078103	0.01701534170153417	0.03682008368200837	0.00502092050209205	0.020362622036262202	0.0	0.016457461645746164	0.0	0.008089260808926082	0.03375174337517434	0.054672245467224545	0.010320781032078103	0.0298465829846583	0.017294281729428172	0.01896792189679219	0.005857740585774059	0.009483960948396096	0.013110181311018132	0.027615062761506277	0.0019525801952580196	0.01394700139470014	0.0036262203626220364	0.011157601115760111	0.0016736401673640166	0.003905160390516039	0.027336122733612273	0.08423988842398884	0.006136680613668061	0.031799163179916316	0.017573221757322177	0.015899581589958158	0.005578800557880056	0.005299860529986053	0.018688981868898186	0.040725244072524404	0.003905160390516039	0.022315202231520222	0.008368200836820083	0.030683403068340307	0.0016736401673640166	0.014225941422594143	0.00892608089260809	0.025662482566248257	0.0030683403068340305	0.010878661087866108	0.0	0.018410041841004185	0.0	0.011715481171548118	0.010878661087866108	0.024546722454672244	0.0002789400278940028	0.011436541143654114	0.020362622036262202	0.005578800557880056	0.007252440725244073	0.0022315202231520223	0.01394700139470014	0.05439330543933055	0.002789400278940028	0.017573221757322177
0.016736401673640166	0.02315202231520223	0.004741980474198048	0.0100418410041841	0.01701534170153417	0.03626220362622036	0.00502092050209205	0.02092050209205021	0.0	0.016457461645746164	0.0	0.008089260808926082	0.03291492329149233	0.05411436541143654	0.011157601115760111	0.030404463040446306	0.016457461645746164	0.01896792189679219	0.0066945606694560665	0.009483960948396096	0.013668061366806136	0.02705718270571827	0.0016736401673640166	0.014225941422594143	0.0036262203626220364	0.011157601115760111	0.0016736401673640166	0.003905160390516039	0.02705718270571827	0.08479776847977685	0.005578800557880056	0.032635983263598324	0.017573221757322177	0.015899581589958158	0.005578800557880056	0.005299860529986053	0.018688981868898186	0.0401673640167364	0.003905160390516039	0.02287308228730823	0.007531380753138075	0.030683403068340307	0.0019525801952580196	0.014783821478382147	0.00892608089260809	0.02510460251046025	0.0030683403068340305	0.011436541143654114	0.0	0.01896792189679219	0.0	0.011157601115760111	0.0100418410041841	0.02482566248256625	0.0005578800557880056	0.011715481171548118	0.021199442119944213	0.005857740585774059	0.006415620641562064	0.0019525801952580196	0.013668061366806136	0.05383542538354254	0.002510460251046025	0.01813110181311018
0.01701534170153417	0.02315202231520223	0.004463040446304045	0.0100418410041841	0.015899581589958158	0.03709902370990237	0.004741980474198048	0.021478382147838215	0.0	0.016457461645746164	0.0	0.008089260808926082	0.032635983263598324	0.05495118549511855	0.011436541143654114	0.029567642956764294	0.016736401673640166	0.01896792189679219	0.006415620641562064	0.009483960948396096	0.013668061366806136	0.02705718270571827	0.0019525801952580196	0.01394700139470014	0.0030683403068340305	0.010878661087866108	0.0016736401673640166	0.004741980474198048	0.028451882845188285	0.08368200836820083	0.005578800557880056	0.03347280334728033	0.01785216178521618	0.016178521617852163	0.005299860529986053	0.00502092050209205	0.018688981868898186	0.040446304044630406	0.0033472803347280333	0.02315202231520223	0.00697350069735007	0.031241283124128313	0.0016736401673640166	0.01506276150627615	0.009205020920502092	0.024267782426778243	0.0030683403068340305	0.01199442119944212	0.0	0.019525801952580194	0.0	0.010599721059972107	0.010320781032078103	0.024267782426778243	0.0005578800557880056	0.01199442119944212	0.021199442119944213	0.005857740585774059	0.006415620641562064	0.0019525801952580196	0.012273361227336122	0.055230125523012555	0.002789400278940028	0.016736401673640166
0.01701534170153417	0.023430962343096235	0.004463040446304045	0.009762900976290097	0.01701534170153417	0.03709902370990237	0.004463040446304045	0.020641562064156207	0.0	0.016736401673640166	0.0	0.007810320781032078	0.03291492329149233	0.054672245467224545	0.011157601115760111	0.0298465829846583	0.016736401673640166	0.019525801952580194	0.006415620641562064	0.00892608089260809	0.013668061366806136	0.027336122733612273	0.0016736401673640166	0.01394700139470014	0.0030683403068340305	0.010878661087866108	0.0016736401673640166	0.004741980474198048	0.028730822873082287	0.08507670850767085	0.00502092050209205	0.03152022315202232	0.01785216178521618	0.016736401673640166	0.005299860529986053	0.004463040446304045	0.018410041841004185	0.0401673640167364	0.0036262203626220364	0.023430962343096235	0.0066945606694560665	0.030683403068340307	0.0022315202231520223	0.015341701534170154	0.0100418410041841	0.023430962343096235	0.002789400278940028	0.012273361227336122	0.0	0.020362622036262202	0.0	0.009762900976290097	0.010320781032078103	0.024546722454672244	0.0005578800557880056	0.011715481171548118	0.021199442119944213	0.005857740585774059	0.006415620641562064	0.0019525801952580196	0.012552301255230125	0.055230125523012555	0.0033472803347280333	0.016736401673640166
0.016178521617852163	0.02287308228730823	0.005299860529986053	0.010320781032078103	0.016736401673640166	0.03737796373779637	0.00502092050209205	0.0200836820083682	0.0	0.016457461645746164	0.0	0.008089260808926082	0.03430962343096234	0.05550906555090655	0.009762900976290097	0.02900976290097629	0.016736401673640166	0.018410041841004185	0.006415620641562064	0.0100418410041841	0.013668061366806136	0.02789400278940028	0.0016736401673640166	0.013389121338912133	0.0030683403068340305	0.011157601115760111	0.001394700139470014	0.004741980474198048	0.028451882845188285	0.08591352859135286	0.004463040446304045	0.031799163179916316	0.017573221757322177	0.016736401673640166	0.005578800557880056	0.004463040446304045	0.01896792189679219	0.04100418410041841	0.0036262203626220364	0.02203626220362622	0.00697350069735007	0.030683403068340307	0.0022315202231520223	0.01506276150627615	0.010878661087866108	0.023430962343096235	0.002510460251046025	0.011715481171548118	0.0	0.020641562064156207	0.0	0.009483960948396096	0.010599721059972107	0.02398884239888424	0.0008368200836820083	0.011715481171548118	0.021199442119944213	0.005857740585774059	0.006415620641562064	0.0019525801952580196	0.01199442119944212	0.055230125523012555	0.0036262203626220364	0.016736401673640166
0.016178521617852163	0.023430962343096235	0.005299860529986053	0.009762900976290097	0.01701534170153417	0.03737796373779637	0.00502092050209205	0.0198047419804742	0.0	0.016457461645746164	0.0	0.008089260808926082	0.03430962343096234	0.054672245467224545	0.009762900976290097	0.0298465829846583	0.016736401673640166	0.018410041841004185	0.006415620641562064	0.0100418410041841	0.013668061366806136	0.027615062761506277	0.0016736401673640166	0.013668061366806136	0.002510460251046025	0.011715481171548118	0.0016736401673640166	0.004463040446304045	0.026499302649930265	0.08619246861924686	0.004741980474198048	0.033193863319386334	0.017573221757322177	0.016736401673640166	0.005578800557880056	0.004463040446304045	0.01785216178521618	0.042398884239888426	0.0041841004184100415	0.021199442119944213	0.0066945606694560665	0.030404463040446306	0.002789400278940028	0.01506276150627615	0.010320781032078103	0.02315202231520223	0.002510460251046025	0.012552301255230125	0.0	0.020362622036262202	0.0	0.009762900976290097	0.011436541143654114	0.02315202231520223	0.0008368200836820083	0.011715481171548118	0.021199442119944213	0.005857740585774059	0.006415620641562064	0.0019525801952580196	0.01199442119944212	0.05411436541143654	0.0036262203626220364	0.01785216178521618
0.016736401673640166	0.02315202231520223	0.004741980474198048	0.0100418410041841	0.016457461645746164	0.038493723849372385	0.004463040446304045	0.0198047419804742	0.0	0.016457461645746164	0.0	0.008089260808926082	0.03375174337517434	0.055230125523012555	0.010320781032078103	0.029288702928870293	0.016178521617852163	0.01813110181311018	0.00697350069735007	0.010320781032078103	0.013110181311018132	0.02789400278940028	0.0019525801952580196	0.013668061366806136	0.0022315202231520223	0.011715481171548118	0.0019525801952580196	0.004463040446304045	0.026499302649930265	0.08647140864714087	0.004463040446304045	0.033193863319386334	0.017573221757322177	0.016457461645746164	0.005578800557880056	0.004741980474198048	0.017294281729428172	0.04379358437935844	0.0041841004184100415	0.020362622036262202	0.007810320781032078	0.0298465829846583	0.002510460251046025	0.014783821478382147	0.011436541143654114	0.02315202231520223	0.0019525801952580196	0.01199442119944212	0.0	0.020641562064156207	0.0	0.009483960948396096	0.010878661087866108	0.023709902370990237	0.001394700139470014	0.011157601115760111	0.021478382147838215	0.005578800557880056	0.006136680613668061	0.0022315202231520223	0.011715481171548118	0.05411436541143654	0.003905160390516039	0.01785216178521618
0.017294281729428172	0.022315202231520222	0.0041841004184100415	0.010878661087866108	0.016457461645746164	0.03933054393305439	0.0041841004184100415	0.019246861924686193	0.0	0.016736401673640166	0.0	0.007810320781032078	0.03403068340306834	0.05578800557880056	0.0100418410041841	0.028730822873082287	0.016178521617852163	0.01785216178521618	0.00697350069735007	0.010599721059972107	0.012552301255230125	0.02789400278940028	0.0022315202231520223	0.01394700139470014	0.002789400278940028	0.012273361227336122	0.001394700139470014	0.003905160390516039	0.02705718270571827	0.08730822873082288	0.005578800557880056	0.031241283124128313	0.017573221757322177	0.016736401673640166	0.005578800557880056	0.004463040446304045	0.016457461645746164	0.04379358437935844	0.0033472803347280333	0.02203626220362622	0.007810320781032078	0.0298465829846583	0.002789400278940028	0.014504881450488146	0.011157601115760111	0.022594142259414227	0.0019525801952580196	0.012831241283124128	0.0	0.0200836820083682	0.0	0.0100418410041841	0.010878661087866108	0.023430962343096235	0.001394700139470014	0.011436541143654114	0.021757322175732216	0.005578800557880056	0.005857740585774059	0.0022315202231520223	0.01199442119944212	0.05439330543933055	0.0030683403068340305	0.017573221757322177
0.017573221757322177	0.02287308228730823	0.003905160390516039	0.010320781032078103	0.01785216178521618	0.03821478382147838	0.0036262203626220364	0.019525801952580194	0.0	0.016736401673640166	0.0	0.007810320781032078	0.03403068340306834	0.05606694560669456	0.0100418410041841	0.028451882845188285	0.016178521617852163	0.01813110181311018	0.00697350069735007	0.010320781032078103	0.012273361227336122	0.028730822873082287	0.002510460251046025	0.013110181311018132	0.002510460251046025	0.01199442119944212	0.0019525801952580196	0.003905160390516039	0.02817294281729428	0.08619246861924686	0.005578800557880056	0.03207810320781032	0.017573221757322177	0.016736401673640166	0.005578800557880056	0.004463040446304045	0.016736401673640166	0.04351464435146443	0.0033472803347280333	0.02203626220362622	0.008089260808926082	0.0301255230125523	0.0022315202231520223	0.014504881450488146	0.011436541143654114	0.02287308228730823	0.001394700139470014	0.012831241283124128	0.0	0.020641562064156207	0.0	0.009483960948396096	0.010599721059972107	0.023430962343096235	0.0011157601115760112	0.01199442119944212	0.021757322175732216	0.005578800557880056	0.005857740585774059	0.0022315202231520223	0.011436541143654114	0.05411436541143654	0.002789400278940028	0.01785216178521618
0.01813110181311018	0.02315202231520223	0.0033472803347280333	0.0100418410041841	0.01813110181311018	0.03821478382147838	0.003905160390516039	0.01896792189679219	0.0	0.016178521617852163	0.0	0.008368200836820083	0.03403068340306834	0.054672245467224545	0.0100418410041841	0.0298465829846583	0.016457461645746164	0.01785216178521618	0.0066945606694560665	0.010599721059972107	0.01199442119944212	0.028451882845188285	0.0022315202231520223	0.01394700139470014	0.002789400278940028	0.011715481171548118	0.0019525801952580196	0.003905160390516039	0.026499302649930265	0.08591352859135286	0.005857740585774059	0.033193863319386334	0.017294281729428172	0.01701534170153417	0.005857740585774059	0.0041841004184100415	0.016178521617852163	0.04351464435146443	0.0041841004184100415	0.021757322175732216	0.008368200836820083	0.0298465829846583	0.0022315202231520223	0.014504881450488146	0.011715481171548118	0.02287308228730823	0.001394700139470014	0.012552301255230125	0.0	0.020362622036262202	0.0	0.009762900976290097	0.010320781032078103	0.023709902370990237	0.0008368200836820083	0.012273361227336122	0.021478382147838215	0.005299860529986053	0.006136680613668061	0.002510460251046025	0.011715481171548118	0.05355648535564853	0.0030683403068340305	0.018410041841004185
0.01785216178521618	0.022594142259414227	0.0036262203626220364	0.010599721059972107	0.01813110181311018	0.038493723849372385	0.0036262203626220364	0.01896792189679219	0.0	0.016736401673640166	0.0	0.007810320781032078	0.03430962343096234	0.05495118549511855	0.009762900976290097	0.029567642956764294	0.01701534170153417	0.017573221757322177	0.006136680613668061	0.010878661087866108	0.011715481171548118	0.02817294281729428	0.002510460251046025	0.014225941422594143	0.002789400278940028	0.012273361227336122	0.0016736401673640166	0.0036262203626220364	0.026499302649930265	0.08619246861924686	0.005857740585774059	0.032357043235704326	0.017294281729428172	0.016736401673640166	0.005857740585774059	0.004463040446304045	0.017573221757322177	0.042398884239888426	0.0041841004184100415	0.021478382147838215	0.008368200836820083	0.030404463040446306	0.0019525801952580196	0.014225941422594143	0.011436541143654114	0.023430962343096235	0.001394700139470014	0.012273361227336122	0.0	0.020641562064156207	0.0	0.009483960948396096	0.010320781032078103	0.023430962343096235	0.0008368200836820083	0.012552301255230125	0.021757322175732216	0.005299860529986053	0.005857740585774059	0.002510460251046025	0.012831241283124128	0.05299860529986053	0.002510460251046025	0.01896792189679219
0.01785216178521618	0.02203626220362622	0.0036262203626220364	0.011157601115760111	0.017294281729428172	0.038493723849372385	0.003905160390516039	0.019525801952580194	0.0	0.016457461645746164	0.0	0.008089260808926082	0.03430962343096234	0.05383542538354254	0.009762900976290097	0.030683403068340307	0.01701534170153417	0.017573221757322177	0.006136680613668061	0.010878661087866108	0.01199442119944212	0.02789400278940028	0.002789400278940028	0.01394700139470014	0.0030683403068340305	0.012552301255230125	0.0011157601115760112	0.0036262203626220364	0.02594142259414226	0.08647140864714087	0.006415620641562064	0.031799163179916316	0.017294281729428172	0.016457461645746164	0.005857740585774059	0.004741980474198048	0.01701534170153417	0.041283124128312414	0.004463040446304045	0.02287308228730823	0.008647140864714086	0.030404463040446306	0.0019525801952580196	0.01394700139470014	0.011436541143654114	0.022315202231520222	0.0011157601115760112	0.013668061366806136	0.0	0.020362622036262202	0.0	0.009762900976290097	0.0100418410041841	0.02315202231520223	0.0008368200836820083	0.013110181311018132	0.02203626220362622	0.005578800557880056	0.005578800557880056	0.0022315202231520223	0.013110181311018132	0.05299860529986053	0.002510460251046025	0.01896792189679219
0.017294281729428172	0.02203626220362622	0.0041841004184100415	0.011157601115760111	0.017294281729428172	0.03821478382147838	0.0041841004184100415	0.019525801952580194	0.0	0.016178521617852163	0.0	0.008368200836820083	0.03403068340306834	0.053277545327754534	0.0100418410041841	0.031241283124128313	0.01701534170153417	0.01785216178521618	0.006136680613668061	0.010599721059972107	0.011715481171548118	0.026778242677824266	0.0030683403068340305	0.01506276150627615	0.002789400278940028	0.012552301255230125	0.0011157601115760112	0.003905160390516039	0.025383542538354256	0.08451882845188284	0.0066945606694560665	0.03403068340306834	0.017294281729428172	0.016457461645746164	0.005857740585774059	0.004741980474198048	0.017294281729428172	0.042398884239888426	0.00502092050209205	0.02092050209205021	0.009205020920502092	0.0298465829846583	0.0016736401673640166	0.014225941422594143	0.011715481171548118	0.022315202231520222	0.0008368200836820083	0.013668061366806136	0.0	0.020362622036262202	0.0	0.009762900976290097	0.009762900976290097	0.02315202231520223	0.0008368200836820083	0.013389121338912133	0.021478382147838215	0.005578800557880056	0.006136680613668061	0.0022315202231520223	0.012831241283124128	0.05355648535564853	0.002789400278940028	0.018410041841004185
0.017573221757322177	0.021478382147838215	0.003905160390516039	0.011715481171548118	0.016178521617852163	0.03821478382147838	0.00502092050209205	0.0198047419804742	0.0	0.016178521617852163	0.0	0.008368200836820083	0.03430962343096234	0.054672245467224545	0.009762900976290097	0.0298465829846583	0.016736401673640166	0.017573221757322177	0.006415620641562064	0.010878661087866108	0.011436541143654114	0.026778242677824266	0.0036262203626220364	0.014783821478382147	0.002789400278940028	0.012552301255230125	0.0011157601115760112	0.003905160390516039	0.02482566248256625	0.08340306834030684	0.006415620641562064	0.03542538354253835	0.017294281729428172	0.016457461645746164	0.005857740585774059	0.004741980474198048	0.01701534170153417	0.042398884239888426	0.00502092050209205	0.021199442119944213	0.009205020920502092	0.029567642956764294	0.0019525801952580196	0.014225941422594143	0.01199442119944212	0.022594142259414227	0.0008368200836820083	0.013110181311018132	0.0	0.020641562064156207	0.0	0.009483960948396096	0.0100418410041841	0.023709902370990237	0.0008368200836820083	0.012552301255230125	0.021199442119944213	0.005578800557880056	0.006415620641562064	0.0022315202231520223	0.012831241283124128	0.05299860529986053	0.0033472803347280333	0.01896792189679219
0.01785216178521618	0.021757322175732216	0.0036262203626220364	0.011436541143654114	0.016457461645746164	0.03765690376569038	0.004741980474198048	0.020362622036262202	0.0	0.016178521617852163	0.0	0.008368200836820083	0.03403068340306834	0.05578800557880056	0.0100418410041841	0.028730822873082287	0.016457461645746164	0.017573221757322177	0.0066945606694560665	0.010878661087866108	0.010878661087866108	0.02705718270571827	0.003905160390516039	0.014783821478382147	0.002789400278940028	0.012552301255230125	0.0011157601115760112	0.003905160390516039	0.026220362622036263	0.08312412831241284	0.0066945606694560665	0.03486750348675035	0.017294281729428172	0.016457461645746164	0.005857740585774059	0.004741980474198048	0.016736401673640166	0.042677824267782424	0.005299860529986053	0.02092050209205021	0.009205020920502092	0.028451882845188285	0.0016736401673640166	0.015620641562064157	0.010878661087866108	0.023709902370990237	0.0008368200836820083	0.013110181311018132	0.0	0.021199442119944213	0.0	0.00892608089260809	0.00892608089260809	0.023709902370990237	0.0011157601115760112	0.013389121338912133	0.021199442119944213	0.005299860529986053	0.006415620641562064	0.002510460251046025	0.012552301255230125	0.05299860529986053	0.002789400278940028	0.01896792189679219
0.01785216178521618	0.021757322175732216	0.0036262203626220364	0.011436541143654114	0.016178521617852163	0.03737796373779637	0.004741980474198048	0.02092050209205021	0.0	0.016457461645746164	0.0	0.008089260808926082	0.03430962343096234	0.05634588563458856	0.009762900976290097	0.02817294281729428	0.016736401673640166	0.01813110181311018	0.006415620641562064	0.010320781032078103	0.010878661087866108	0.027615062761506277	0.0041841004184100415	0.01394700139470014	0.002789400278940028	0.012273361227336122	0.0011157601115760112	0.0041841004184100415	0.025662482566248257	0.08256624825662483	0.006136680613668061	0.03598326359832636	0.01813110181311018	0.016178521617852163	0.00502092050209205	0.00502092050209205	0.015899581589958158	0.04435146443514645	0.00502092050209205	0.020362622036262202	0.009483960948396096	0.027615062761506277	0.0019525801952580196	0.015899581589958158	0.010878661087866108	0.024546722454672244	0.0008368200836820083	0.012273361227336122	0.0	0.020641562064156207	0.0	0.009483960948396096	0.00892608089260809	0.024267782426778243	0.0011157601115760112	0.012831241283124128	0.021478382147838215	0.00502092050209205	0.006136680613668061	0.002789400278940028	0.012831241283124128	0.05355648535564853	0.0030683403068340305	0.018410041841004185
0.01785216178521618	0.02203626220362622	0.0036262203626220364	0.011157601115760111	0.016178521617852163	0.03709902370990237	0.005299860529986053	0.020641562064156207	0.0	0.016178521617852163	0.0	0.008368200836820083	0.03403068340306834	0.05606694560669456	0.0100418410041841	0.028451882845188285	0.01701534170153417	0.018688981868898186	0.006136680613668061	0.009762900976290097	0.011157601115760111	0.027615062761506277	0.003905160390516039	0.01394700139470014	0.0030683403068340305	0.011715481171548118	0.0011157601115760112	0.004463040446304045	0.02705718270571827	0.08284518828451883	0.0066945606694560665	0.03430962343096234	0.01785216178521618	0.015899581589958158	0.005299860529986053	0.005299860529986053	0.016457461645746164	0.04490934449093445	0.004463040446304045	0.0198047419804742	0.009483960948396096	0.02705718270571827	0.0019525801952580196	0.016457461645746164	0.011436541143654114	0.02510460251046025	0.0002789400278940028	0.011715481171548118	0.0	0.02092050209205021	0.0	0.009205020920502092	0.008368200836820083	0.02398884239888424	0.0019525801952580196	0.012831241283124128	0.021478382147838215	0.00502092050209205	0.006136680613668061	0.002789400278940028	0.012273361227336122	0.05299860529986053	0.0030683403068340305	0.01896792189679219
0.01785216178521618	0.021199442119944213	0.0036262203626220364	0.01199442119944212	0.016457461645746164	0.03793584379358438	0.004741980474198048	0.0200836820083682	0.0	0.016457461645746164	0.0	0.008089260808926082	0.03375174337517434	0.05801952580195258	0.010320781032078103	0.026499302649930265	0.016736401673640166	0.019246861924686193	0.006415620641562064	0.009205020920502092	0.010599721059972107	0.02817294281729428	0.003905160390516039	0.01394700139470014	0.0030683403068340305	0.011715481171548118	0.0011157601115760112	0.004463040446304045	0.026220362622036263	0.08479776847977685	0.006415620641562064	0.033193863319386334	0.01701534170153417	0.015899581589958158	0.006136680613668061	0.005299860529986053	0.015899581589958158	0.04490934449093445	0.005857740585774059	0.01896792189679219	0.009205020920502092	0.026499302649930265	0.002510460251046025	0.016736401673640166	0.011715481171548118	0.024267782426778243	0.0002789400278940028	0.012273361227336122	0.0	0.02092050209205021	0.0	0.009205020920502092	0.00892608089260809	0.02482566248256625	0.0022315202231520223	0.011157601115760111	0.021478382147838215	0.004741980474198048	0.006136680613668061	0.0030683403068340305	0.012552301255230125	0.05244072524407253	0.0030683403068340305	0.019525801952580194
0.01785216178521618	0.020641562064156207	0.0036262203626220364	0.012552301255230125	0.015899581589958158	0.03877266387726639	0.004741980474198048	0.0198047419804742	0.0	0.016178521617852163	0.0	0.008368200836820083	0.03375174337517434	0.05801952580195258	0.010320781032078103	0.026499302649930265	0.016736401673640166	0.019246861924686193	0.006415620641562064	0.009205020920502092	0.010599721059972107	0.02817294281729428	0.003905160390516039	0.01394700139470014	0.003905160390516039	0.010878661087866108	0.0011157601115760112	0.004463040446304045	0.026220362622036263	0.08423988842398884	0.005857740585774059	0.033193863319386334	0.01701534170153417	0.015899581589958158	0.006136680613668061	0.005299860529986053	0.014225941422594143	0.044630404463040445	0.006136680613668061	0.020641562064156207	0.008647140864714086	0.02594142259414226	0.002789400278940028	0.017573221757322177	0.011436541143654114	0.024546722454672244	0.0005578800557880056	0.01199442119944212	0.0	0.021199442119944213	0.0	0.00892608089260809	0.008647140864714086	0.024546722454672244	0.002510460251046025	0.011436541143654114	0.021478382147838215	0.005299860529986053	0.006136680613668061	0.002510460251046025	0.013668061366806136	0.05188284518828452	0.0030683403068340305	0.0200836820083682
